parameter integer matrixH [0:7744] = {
/* num inputs = 116(in0-in115) */
/* num outputs = 560(out0-out559) */
//* max inputs per outputs = 13 */
//* total number of input in adders 2394 */

/* out0000_em-eta0-phi0*/	0,
/* out0001_em-eta1-phi0*/	0,
/* out0002_em-eta2-phi0*/	0,
/* out0003_em-eta3-phi0*/	0,
/* out0004_em-eta4-phi0*/	0,
/* out0005_em-eta5-phi0*/	0,
/* out0006_em-eta6-phi0*/	0,
/* out0007_em-eta7-phi0*/	0,
/* out0008_em-eta8-phi0*/	0,
/* out0009_em-eta9-phi0*/	0,
/* out0010_em-eta10-phi0*/	0,
/* out0011_em-eta11-phi0*/	0,
/* out0012_em-eta12-phi0*/	0,
/* out0013_em-eta13-phi0*/	0,
/* out0014_em-eta14-phi0*/	0,
/* out0015_em-eta15-phi0*/	0,
/* out0016_em-eta16-phi0*/	0,
/* out0017_em-eta17-phi0*/	0,
/* out0018_em-eta18-phi0*/	0,
/* out0019_em-eta19-phi0*/	0,
/* out0020_em-eta0-phi1*/	0,
/* out0021_em-eta1-phi1*/	0,
/* out0022_em-eta2-phi1*/	0,
/* out0023_em-eta3-phi1*/	0,
/* out0024_em-eta4-phi1*/	0,
/* out0025_em-eta5-phi1*/	0,
/* out0026_em-eta6-phi1*/	0,
/* out0027_em-eta7-phi1*/	0,
/* out0028_em-eta8-phi1*/	0,
/* out0029_em-eta9-phi1*/	0,
/* out0030_em-eta10-phi1*/	0,
/* out0031_em-eta11-phi1*/	0,
/* out0032_em-eta12-phi1*/	0,
/* out0033_em-eta13-phi1*/	0,
/* out0034_em-eta14-phi1*/	0,
/* out0035_em-eta15-phi1*/	0,
/* out0036_em-eta16-phi1*/	0,
/* out0037_em-eta17-phi1*/	0,
/* out0038_em-eta18-phi1*/	0,
/* out0039_em-eta19-phi1*/	0,
/* out0040_em-eta0-phi2*/	0,
/* out0041_em-eta1-phi2*/	0,
/* out0042_em-eta2-phi2*/	0,
/* out0043_em-eta3-phi2*/	0,
/* out0044_em-eta4-phi2*/	0,
/* out0045_em-eta5-phi2*/	0,
/* out0046_em-eta6-phi2*/	0,
/* out0047_em-eta7-phi2*/	0,
/* out0048_em-eta8-phi2*/	0,
/* out0049_em-eta9-phi2*/	0,
/* out0050_em-eta10-phi2*/	0,
/* out0051_em-eta11-phi2*/	1,(44,Si,6,1,0),3,
/* out0052_em-eta12-phi2*/	2,(44,Si,6,1,0),1,(44,Si,6,1,2),4,
/* out0053_em-eta13-phi2*/	1,(44,Si,5,1,0),2,
/* out0054_em-eta14-phi2*/	2,(44,Si,5,1,0),2,(44,Si,5,1,2),3,
/* out0055_em-eta15-phi2*/	1,(44,Si,5,1,2),1,
/* out0056_em-eta16-phi2*/	1,(44,Si,4,1,0),3,
/* out0057_em-eta17-phi2*/	2,(44,Si,4,1,0),1,(44,Si,4,1,2),3,
/* out0058_em-eta18-phi2*/	1,(44,Si,4,1,2),1,
/* out0059_em-eta19-phi2*/	0,
/* out0060_em-eta0-phi3*/	0,
/* out0061_em-eta1-phi3*/	0,
/* out0062_em-eta2-phi3*/	0,
/* out0063_em-eta3-phi3*/	0,
/* out0064_em-eta4-phi3*/	0,
/* out0065_em-eta5-phi3*/	3,(37,Si,8,0,1),1,(37,Si,9,0,1),8,(37,Si,9,0,2),15,
/* out0066_em-eta6-phi3*/	3,(37,Si,8,0,0),14,(37,Si,8,0,1),7,(37,Si,8,0,2),3,
/* out0067_em-eta7-phi3*/	8,(39,Si,7,0,0),1,(39,Si,7,0,1),3,(39,Si,8,0,1),6,(39,Si,8,0,2),14,(37,Si,7,0,0),6,(37,Si,7,0,1),6,(37,Si,8,0,0),2,(37,Si,8,0,2),4,
/* out0068_em-eta8-phi3*/	6,(39,Si,7,0,0),14,(39,Si,7,0,1),3,(39,Si,7,0,2),2,(37,Si,6,0,1),1,(37,Si,7,0,0),10,(37,Si,7,0,2),4,
/* out0069_em-eta9-phi3*/	6,(39,Si,6,0,0),5,(39,Si,6,0,1),3,(39,Si,7,0,0),1,(39,Si,7,0,2),2,(37,Si,6,0,0),11,(37,Si,6,0,1),2,
/* out0070_em-eta10-phi3*/	6,(39,Si,6,0,0),11,(39,Si,6,0,2),1,(37,Si,5,0,0),1,(37,Si,5,0,1),1,(37,Si,6,0,0),5,(37,Si,6,0,2),2,
/* out0071_em-eta11-phi3*/	6,(39,Si,5,0,0),4,(39,Si,5,0,1),2,(39,Si,6,0,2),1,(44,Si,6,1,0),10,(44,Si,6,1,1),1,(37,Si,5,0,0),8,
/* out0072_em-eta12-phi3*/	6,(39,Si,5,0,0),9,(44,Si,6,1,0),2,(44,Si,6,1,1),2,(44,Si,6,1,2),8,(37,Si,5,0,0),5,(37,Si,5,0,2),1,
/* out0073_em-eta13-phi3*/	7,(39,Si,4,0,0),1,(39,Si,4,0,1),1,(39,Si,5,0,0),1,(39,Si,5,0,2),1,(44,Si,5,1,0),7,(44,Si,6,1,2),3,(37,Si,4,0,0),3,
/* out0074_em-eta14-phi3*/	5,(39,Si,4,0,0),6,(44,Si,5,1,0),4,(44,Si,5,1,1),1,(44,Si,5,1,2),4,(37,Si,4,0,0),6,
/* out0075_em-eta15-phi3*/	4,(39,Si,4,0,0),4,(44,Si,4,1,0),1,(44,Si,5,1,2),6,(37,Si,4,0,0),2,
/* out0076_em-eta16-phi3*/	3,(39,Si,3,0,2),1,(44,Si,4,1,0),6,(37,Si,3,0,0),2,
/* out0077_em-eta17-phi3*/	5,(39,Si,3,0,0),1,(39,Si,3,0,2),4,(44,Si,4,1,0),2,(44,Si,4,1,2),4,(37,Si,3,0,0),3,
/* out0078_em-eta18-phi3*/	2,(44,Si,4,1,2),4,(37,Si,3,0,0),1,
/* out0079_em-eta19-phi3*/	0,
/* out0080_em-eta0-phi4*/	0,
/* out0081_em-eta1-phi4*/	0,
/* out0082_em-eta2-phi4*/	0,
/* out0083_em-eta3-phi4*/	0,
/* out0084_em-eta4-phi4*/	0,
/* out0085_em-eta5-phi4*/	5,(37,Si,9,0,1),8,(37,Si,9,0,2),1,(37,Si,9,1,0),11,(37,Si,9,1,1),7,(37,Si,9,1,2),1,
/* out0086_em-eta6-phi4*/	7,(39,Si,8,1,1),1,(37,Si,8,0,1),8,(37,Si,8,0,2),6,(37,Si,8,1,0),4,(37,Si,8,1,1),2,(37,Si,9,1,0),5,(37,Si,9,1,2),4,
/* out0087_em-eta7-phi4*/	8,(39,Si,7,0,1),3,(39,Si,8,0,1),10,(39,Si,8,0,2),2,(39,Si,8,1,0),12,(39,Si,8,1,1),1,(37,Si,7,0,1),10,(37,Si,8,0,2),3,(37,Si,8,1,0),11,
/* out0088_em-eta8-phi4*/	7,(39,Si,7,0,1),7,(39,Si,7,0,2),9,(39,Si,7,1,0),3,(39,Si,8,1,0),2,(37,Si,6,0,1),2,(37,Si,7,0,2),12,(37,Si,7,1,0),6,
/* out0089_em-eta9-phi4*/	6,(39,Si,6,0,1),11,(39,Si,7,0,2),3,(39,Si,7,1,0),5,(37,Si,6,0,1),11,(37,Si,6,0,2),4,(37,Si,7,1,0),1,
/* out0090_em-eta10-phi4*/	6,(39,Si,6,0,1),2,(39,Si,6,0,2),12,(39,Si,6,1,0),1,(37,Si,5,0,1),4,(37,Si,6,0,2),9,(37,Si,6,1,0),1,
/* out0091_em-eta11-phi4*/	7,(39,Si,5,0,1),10,(39,Si,6,0,2),1,(44,Si,6,1,1),5,(44,Si,7,2,2),10,(37,Si,5,0,0),1,(37,Si,5,0,1),8,(37,Si,5,0,2),2,
/* out0092_em-eta12-phi4*/	8,(39,Si,5,0,0),2,(39,Si,5,0,1),1,(39,Si,5,0,2),7,(44,Si,6,1,1),8,(44,Si,6,2,0),5,(37,Si,4,0,1),1,(37,Si,5,0,0),1,(37,Si,5,0,2),8,
/* out0093_em-eta13-phi4*/	9,(39,Si,4,0,1),5,(39,Si,5,0,2),3,(44,Si,5,1,0),1,(44,Si,5,1,1),4,(44,Si,6,1,2),1,(44,Si,6,2,0),1,(44,Si,6,2,2),3,(37,Si,4,0,0),1,(37,Si,4,0,1),7,
/* out0094_em-eta14-phi4*/	7,(39,Si,4,0,0),3,(39,Si,4,0,1),3,(39,Si,4,0,2),1,(44,Si,5,1,1),8,(37,Si,4,0,0),3,(37,Si,4,0,1),1,(37,Si,4,0,2),2,
/* out0095_em-eta15-phi4*/	10,(39,Si,4,0,0),2,(39,Si,4,0,2),4,(44,Si,4,1,0),1,(44,Si,4,1,1),1,(44,Si,5,1,1),2,(44,Si,5,1,2),2,(44,Si,5,2,0),1,(37,Si,3,0,1),1,(37,Si,4,0,0),1,(37,Si,4,0,2),4,
/* out0096_em-eta16-phi4*/	6,(39,Si,3,0,2),5,(39,Si,4,0,2),1,(44,Si,4,1,0),2,(44,Si,4,1,1),4,(37,Si,3,0,0),2,(37,Si,3,0,1),3,
/* out0097_em-eta17-phi4*/	5,(39,Si,3,0,0),3,(39,Si,3,0,2),3,(44,Si,4,1,1),4,(44,Si,4,1,2),1,(37,Si,3,0,0),4,
/* out0098_em-eta18-phi4*/	4,(44,Si,4,1,1),1,(44,Si,4,1,2),3,(37,Si,3,0,0),3,(37,Si,3,0,2),1,
/* out0099_em-eta19-phi4*/	2,(37,Si,3,0,0),1,(37,Si,3,0,2),1,
/* out0100_em-eta0-phi5*/	0,
/* out0101_em-eta1-phi5*/	0,
/* out0102_em-eta2-phi5*/	0,
/* out0103_em-eta3-phi5*/	0,
/* out0104_em-eta4-phi5*/	0,
/* out0105_em-eta5-phi5*/	7,(37,Si,9,1,1),9,(37,Si,9,1,2),5,(37,Si,9,2,0),2,(37,Si,9,2,1),2,(37,Si,10,2,0),14,(37,Si,10,2,1),13,(37,Si,10,2,2),12,
/* out0106_em-eta6-phi5*/	7,(39,Si,8,1,1),3,(39,Si,9,2,0),4,(39,Si,9,2,1),2,(39,Si,9,2,2),2,(37,Si,8,1,1),12,(37,Si,9,1,2),6,(37,Si,9,2,0),10,
/* out0107_em-eta7-phi5*/	12,(39,Si,8,1,0),2,(39,Si,8,1,1),11,(39,Si,8,1,2),11,(39,Si,8,2,0),1,(39,Si,9,2,0),5,(39,Si,9,2,1),5,(39,Si,9,2,2),1,(37,Si,7,1,1),3,(37,Si,8,1,0),1,(37,Si,8,1,1),2,(37,Si,8,1,2),16,(37,Si,8,2,0),3,
/* out0108_em-eta8-phi5*/	7,(39,Si,7,1,0),2,(39,Si,7,1,1),13,(39,Si,8,1,2),5,(39,Si,8,2,0),1,(37,Si,7,1,0),6,(37,Si,7,1,1),10,(37,Si,7,1,2),4,
/* out0109_em-eta9-phi5*/	8,(39,Si,6,1,1),1,(39,Si,7,1,0),6,(39,Si,7,1,2),10,(37,Si,6,0,2),1,(37,Si,6,1,0),2,(37,Si,6,1,1),5,(37,Si,7,1,0),3,(37,Si,7,1,2),6,
/* out0110_em-eta10-phi5*/	7,(39,Si,6,0,2),1,(39,Si,6,1,0),8,(39,Si,6,1,1),6,(44,Si,7,2,2),1,(37,Si,6,1,0),11,(37,Si,6,1,1),2,(37,Si,6,1,2),1,
/* out0111_em-eta11-phi5*/	12,(39,Si,5,0,1),3,(39,Si,6,1,0),7,(39,Si,6,1,2),3,(44,Si,6,2,0),1,(44,Si,7,2,1),14,(44,Si,7,2,2),5,(37,Si,5,0,1),3,(37,Si,5,0,2),2,(37,Si,5,1,0),1,(37,Si,5,1,1),1,(37,Si,6,1,0),2,(37,Si,6,1,2),2,
/* out0112_em-eta12-phi5*/	7,(39,Si,5,0,2),4,(39,Si,5,1,0),5,(39,Si,5,1,1),1,(44,Si,6,2,0),9,(44,Si,6,2,1),3,(37,Si,5,0,2),3,(37,Si,5,1,0),7,
/* out0113_em-eta13-phi5*/	7,(39,Si,4,0,1),3,(39,Si,5,0,2),1,(39,Si,5,1,0),5,(44,Si,6,2,1),1,(44,Si,6,2,2),9,(37,Si,4,0,1),6,(37,Si,5,1,0),2,
/* out0114_em-eta14-phi5*/	7,(39,Si,4,0,1),4,(39,Si,4,0,2),3,(44,Si,5,1,1),1,(44,Si,5,2,0),6,(44,Si,6,2,2),2,(37,Si,4,0,1),1,(37,Si,4,0,2),6,
/* out0115_em-eta15-phi5*/	7,(39,Si,4,0,2),6,(39,Si,4,1,0),1,(44,Si,5,2,0),4,(44,Si,5,2,2),3,(37,Si,3,0,1),2,(37,Si,4,0,2),3,(37,Si,4,1,0),1,
/* out0116_em-eta16-phi5*/	5,(39,Si,3,0,0),3,(39,Si,3,0,2),3,(44,Si,4,1,1),2,(44,Si,5,2,2),4,(37,Si,3,0,1),5,
/* out0117_em-eta17-phi5*/	5,(39,Si,3,0,0),4,(44,Si,4,1,1),3,(44,Si,4,2,1),2,(37,Si,3,0,1),1,(37,Si,3,0,2),2,
/* out0118_em-eta18-phi5*/	3,(44,Si,4,1,1),1,(44,Si,4,2,1),2,(37,Si,3,0,2),3,
/* out0119_em-eta19-phi5*/	1,(37,Si,3,0,2),1,
/* out0120_em-eta0-phi6*/	0,
/* out0121_em-eta1-phi6*/	0,
/* out0122_em-eta2-phi6*/	0,
/* out0123_em-eta3-phi6*/	0,
/* out0124_em-eta4-phi6*/	0,
/* out0125_em-eta5-phi6*/	7,(37,Si,9,2,1),11,(37,Si,10,2,0),2,(37,Si,10,2,1),3,(37,Si,10,2,2),4,(37,Si,10,3,0),16,(37,Si,10,3,1),4,(37,Si,10,3,2),8,
/* out0126_em-eta6-phi6*/	7,(39,Si,9,2,0),1,(39,Si,9,3,0),4,(37,Si,8,2,1),5,(37,Si,9,2,0),4,(37,Si,9,2,1),3,(37,Si,9,2,2),16,(37,Si,9,3,0),3,
/* out0127_em-eta7-phi6*/	11,(39,Si,8,2,0),6,(39,Si,8,2,1),13,(39,Si,8,2,2),1,(39,Si,9,2,0),6,(39,Si,9,2,1),9,(39,Si,9,2,2),13,(39,Si,9,3,0),3,(39,Si,9,3,2),1,(37,Si,8,2,0),11,(37,Si,8,2,1),8,(37,Si,8,2,2),5,
/* out0128_em-eta8-phi6*/	11,(39,Si,7,1,1),3,(39,Si,7,1,2),1,(39,Si,7,2,1),3,(39,Si,8,2,0),8,(39,Si,8,2,2),7,(37,Si,7,1,1),3,(37,Si,7,1,2),4,(37,Si,7,2,0),5,(37,Si,7,2,1),4,(37,Si,8,2,0),2,(37,Si,8,2,2),3,
/* out0129_em-eta9-phi6*/	7,(39,Si,6,1,1),1,(39,Si,7,1,2),5,(39,Si,7,2,0),11,(39,Si,7,2,1),1,(37,Si,6,1,1),5,(37,Si,7,1,2),2,(37,Si,7,2,0),9,
/* out0130_em-eta10-phi6*/	9,(39,Si,6,1,1),8,(39,Si,6,1,2),4,(39,Si,7,2,0),2,(44,Si,7,2,1),1,(44,Si,7,3,0),1,(44,Si,7,3,1),1,(37,Si,6,1,1),4,(37,Si,6,1,2),9,(37,Si,6,2,0),1,
/* out0131_em-eta11-phi6*/	10,(39,Si,5,1,1),3,(39,Si,6,1,2),9,(39,Si,6,2,0),1,(44,Si,7,2,1),1,(44,Si,7,3,0),15,(44,Si,7,3,1),3,(44,Si,7,3,2),5,(37,Si,5,1,1),7,(37,Si,6,1,2),4,(37,Si,6,2,0),1,
/* out0132_em-eta12-phi6*/	9,(39,Si,5,1,0),2,(39,Si,5,1,1),8,(39,Si,5,1,2),1,(44,Si,6,2,1),7,(44,Si,6,3,0),1,(44,Si,7,3,2),5,(37,Si,5,1,0),4,(37,Si,5,1,1),3,(37,Si,5,1,2),3,
/* out0133_em-eta13-phi6*/	9,(39,Si,5,1,0),4,(39,Si,5,1,2),5,(44,Si,6,2,1),5,(44,Si,6,2,2),2,(44,Si,6,3,0),3,(44,Si,6,3,2),1,(37,Si,4,1,1),1,(37,Si,5,1,0),2,(37,Si,5,1,2),4,
/* out0134_em-eta14-phi6*/	9,(39,Si,4,0,2),1,(39,Si,4,1,0),2,(39,Si,4,1,1),3,(39,Si,5,1,2),1,(44,Si,5,2,0),4,(44,Si,5,2,1),5,(37,Si,4,0,2),1,(37,Si,4,1,0),5,(37,Si,4,1,1),2,
/* out0135_em-eta15-phi6*/	5,(39,Si,4,1,0),6,(44,Si,5,2,0),1,(44,Si,5,2,1),4,(44,Si,5,2,2),3,(37,Si,4,1,0),5,
/* out0136_em-eta16-phi6*/	6,(39,Si,3,0,0),2,(39,Si,4,1,0),3,(44,Si,4,2,2),1,(44,Si,5,2,2),5,(37,Si,3,0,1),3,(37,Si,4,1,0),1,
/* out0137_em-eta17-phi6*/	5,(39,Si,3,0,0),3,(44,Si,4,2,1),2,(44,Si,4,2,2),3,(37,Si,3,0,1),1,(37,Si,3,0,2),4,
/* out0138_em-eta18-phi6*/	2,(44,Si,4,2,1),4,(37,Si,3,0,2),3,
/* out0139_em-eta19-phi6*/	2,(44,Si,4,2,1),1,(37,Si,3,0,2),1,
/* out0140_em-eta0-phi7*/	0,
/* out0141_em-eta1-phi7*/	0,
/* out0142_em-eta2-phi7*/	0,
/* out0143_em-eta3-phi7*/	0,
/* out0144_em-eta4-phi7*/	0,
/* out0145_em-eta5-phi7*/	6,(37,Si,9,3,1),6,(37,Si,10,3,1),12,(37,Si,10,3,2),8,(37,Si,10,4,0),13,(37,Si,10,4,1),1,(37,Si,10,4,2),2,
/* out0146_em-eta6-phi7*/	5,(39,Si,9,3,0),2,(39,Si,9,3,1),6,(37,Si,9,3,0),12,(37,Si,9,3,1),8,(37,Si,9,3,2),8,
/* out0147_em-eta7-phi7*/	13,(39,Si,8,2,1),3,(39,Si,8,2,2),3,(39,Si,8,3,0),2,(39,Si,8,3,1),4,(39,Si,9,3,0),7,(39,Si,9,3,1),6,(39,Si,9,3,2),14,(37,Si,8,2,1),3,(37,Si,8,2,2),7,(37,Si,8,3,0),8,(37,Si,8,3,1),4,(37,Si,9,3,0),1,(37,Si,9,3,2),2,
/* out0148_em-eta8-phi7*/	7,(39,Si,7,2,1),6,(39,Si,8,2,2),5,(39,Si,8,3,0),10,(37,Si,7,2,1),12,(37,Si,7,2,2),2,(37,Si,8,2,2),1,(37,Si,8,3,0),5,
/* out0149_em-eta9-phi7*/	6,(39,Si,7,2,0),2,(39,Si,7,2,1),6,(39,Si,7,2,2),10,(37,Si,6,2,1),2,(37,Si,7,2,0),2,(37,Si,7,2,2),12,
/* out0150_em-eta10-phi7*/	6,(39,Si,6,2,0),2,(39,Si,6,2,1),7,(39,Si,7,2,0),1,(39,Si,7,2,2),4,(37,Si,6,2,0),7,(37,Si,6,2,1),6,
/* out0151_em-eta11-phi7*/	8,(39,Si,6,2,0),11,(39,Si,6,2,1),1,(39,Si,6,2,2),1,(44,Si,7,3,1),11,(44,Si,7,3,2),1,(37,Si,5,1,1),3,(37,Si,6,2,0),7,(37,Si,6,2,2),1,
/* out0152_em-eta12-phi7*/	12,(39,Si,5,1,1),4,(39,Si,5,1,2),3,(39,Si,5,2,0),1,(39,Si,6,2,0),2,(39,Si,6,2,2),1,(44,Si,6,3,0),7,(44,Si,6,3,1),1,(44,Si,7,3,1),1,(44,Si,7,3,2),5,(37,Si,5,1,1),2,(37,Si,5,1,2),6,(37,Si,5,2,0),2,
/* out0153_em-eta13-phi7*/	8,(39,Si,5,1,2),6,(39,Si,5,2,0),2,(44,Si,6,3,0),5,(44,Si,6,3,1),1,(44,Si,6,3,2),4,(37,Si,4,1,1),3,(37,Si,5,1,2),3,(37,Si,5,2,0),1,
/* out0154_em-eta14-phi7*/	6,(39,Si,4,1,1),7,(44,Si,5,2,1),2,(44,Si,5,3,0),1,(44,Si,6,3,2),5,(37,Si,4,1,0),1,(37,Si,4,1,1),6,
/* out0155_em-eta15-phi7*/	7,(39,Si,4,1,0),2,(39,Si,4,1,1),2,(39,Si,4,1,2),2,(44,Si,5,2,1),4,(44,Si,5,3,0),3,(37,Si,4,1,0),2,(37,Si,4,1,2),3,
/* out0156_em-eta16-phi7*/	10,(39,Si,4,1,0),2,(39,Si,4,1,2),3,(44,Si,4,2,2),3,(44,Si,5,2,1),1,(44,Si,5,2,2),1,(44,Si,5,3,0),1,(44,Si,5,3,2),1,(37,Si,3,1,2),1,(37,Si,4,1,0),1,(37,Si,4,1,2),2,
/* out0157_em-eta17-phi7*/	2,(44,Si,4,2,2),6,(37,Si,3,1,1),3,
/* out0158_em-eta18-phi7*/	3,(44,Si,4,2,0),2,(44,Si,4,2,1),3,(37,Si,3,1,1),3,
/* out0159_em-eta19-phi7*/	1,(44,Si,4,2,1),1,
/* out0160_em-eta0-phi8*/	0,
/* out0161_em-eta1-phi8*/	0,
/* out0162_em-eta2-phi8*/	0,
/* out0163_em-eta3-phi8*/	0,
/* out0164_em-eta4-phi8*/	0,
/* out0165_em-eta5-phi8*/	4,(37,Si,9,4,1),2,(37,Si,10,4,0),3,(37,Si,10,4,1),15,(37,Si,10,4,2),13,
/* out0166_em-eta6-phi8*/	8,(39,Si,9,3,1),1,(39,Si,9,4,0),1,(39,Si,9,4,1),2,(37,Si,9,3,1),2,(37,Si,9,3,2),6,(37,Si,9,4,0),14,(37,Si,9,4,1),6,(37,Si,10,4,2),1,
/* out0167_em-eta7-phi8*/	11,(39,Si,8,3,1),11,(39,Si,8,3,2),1,(39,Si,9,3,1),3,(39,Si,9,3,2),1,(39,Si,9,4,0),15,(39,Si,9,4,1),4,(39,Si,9,4,2),8,(37,Si,8,3,0),1,(37,Si,8,3,1),12,(37,Si,8,3,2),8,(37,Si,9,4,0),2,
/* out0168_em-eta8-phi8*/	9,(39,Si,7,3,1),3,(39,Si,8,3,0),4,(39,Si,8,3,1),1,(39,Si,8,3,2),15,(37,Si,7,2,2),1,(37,Si,7,3,0),2,(37,Si,7,3,1),7,(37,Si,8,3,0),2,(37,Si,8,3,2),8,
/* out0169_em-eta9-phi8*/	7,(39,Si,7,2,2),2,(39,Si,7,3,0),10,(39,Si,7,3,1),5,(37,Si,6,2,1),2,(37,Si,7,2,2),1,(37,Si,7,3,0),13,(37,Si,7,3,1),1,
/* out0170_em-eta10-phi8*/	6,(39,Si,6,2,1),8,(39,Si,6,2,2),1,(39,Si,7,3,0),6,(37,Si,6,2,1),6,(37,Si,6,2,2),7,(37,Si,7,3,0),1,
/* out0171_em-eta11-phi8*/	6,(39,Si,6,2,2),12,(44,Si,7,4,0),15,(44,Si,7,4,1),5,(44,Si,7,4,2),1,(37,Si,5,2,1),3,(37,Si,6,2,2),8,
/* out0172_em-eta12-phi8*/	8,(39,Si,5,2,0),2,(39,Si,5,2,1),8,(39,Si,6,2,2),1,(44,Si,6,3,1),5,(44,Si,7,4,0),1,(44,Si,7,4,2),7,(37,Si,5,2,0),5,(37,Si,5,2,1),5,
/* out0173_em-eta13-phi8*/	5,(39,Si,5,2,0),8,(44,Si,6,3,1),9,(44,Si,6,3,2),2,(37,Si,4,1,1),1,(37,Si,5,2,0),7,
/* out0174_em-eta14-phi8*/	8,(39,Si,4,1,1),4,(39,Si,4,1,2),1,(39,Si,5,2,0),3,(44,Si,5,3,0),5,(44,Si,6,3,2),4,(37,Si,4,1,1),3,(37,Si,4,1,2),3,(37,Si,5,2,0),1,
/* out0175_em-eta15-phi8*/	4,(39,Si,4,1,2),6,(44,Si,5,3,0),6,(44,Si,5,3,2),1,(37,Si,4,1,2),6,
/* out0176_em-eta16-phi8*/	4,(39,Si,4,1,2),4,(44,Si,5,3,2),5,(37,Si,3,1,2),4,(37,Si,4,1,2),2,
/* out0177_em-eta17-phi8*/	5,(44,Si,4,2,0),3,(44,Si,4,2,2),3,(44,Si,5,3,2),1,(37,Si,3,1,1),1,(37,Si,3,1,2),2,
/* out0178_em-eta18-phi8*/	2,(44,Si,4,2,0),10,(37,Si,3,1,1),3,
/* out0179_em-eta19-phi8*/	3,(44,Si,4,2,0),1,(44,Si,4,2,1),1,(37,Si,3,1,1),1,
/* out0180_em-eta0-phi9*/	0,
/* out0181_em-eta1-phi9*/	0,
/* out0182_em-eta2-phi9*/	0,
/* out0183_em-eta3-phi9*/	0,
/* out0184_em-eta4-phi9*/	0,
/* out0185_em-eta5-phi9*/	4,(37,Si,9,4,1),2,(37,Si,10,5,0),16,(37,Si,10,5,1),11,(37,Si,10,5,2),13,
/* out0186_em-eta6-phi9*/	8,(39,Si,9,4,1),2,(39,Si,9,5,0),1,(39,Si,9,5,1),1,(37,Si,9,4,1),6,(37,Si,9,4,2),14,(37,Si,9,5,0),6,(37,Si,9,5,1),2,(37,Si,10,5,2),1,
/* out0187_em-eta7-phi9*/	10,(39,Si,8,4,0),1,(39,Si,8,4,1),11,(39,Si,9,4,1),8,(39,Si,9,4,2),8,(39,Si,9,5,0),10,(39,Si,9,5,2),1,(37,Si,8,4,0),8,(37,Si,8,4,1),12,(37,Si,8,4,2),1,(37,Si,9,4,2),2,
/* out0188_em-eta8-phi9*/	9,(39,Si,7,3,1),3,(39,Si,8,4,0),15,(39,Si,8,4,1),1,(39,Si,8,4,2),4,(37,Si,7,3,1),7,(37,Si,7,3,2),2,(37,Si,7,4,0),1,(37,Si,8,4,0),8,(37,Si,8,4,2),2,
/* out0189_em-eta9-phi9*/	7,(39,Si,7,3,1),5,(39,Si,7,3,2),10,(39,Si,7,4,0),2,(37,Si,6,3,1),2,(37,Si,7,3,1),1,(37,Si,7,3,2),13,(37,Si,7,4,0),1,
/* out0190_em-eta10-phi9*/	6,(39,Si,6,3,0),1,(39,Si,6,3,1),8,(39,Si,7,3,2),6,(37,Si,6,3,0),7,(37,Si,6,3,1),6,(37,Si,7,3,2),1,
/* out0191_em-eta11-phi9*/	6,(39,Si,6,3,0),12,(44,Si,7,4,1),11,(44,Si,7,4,2),1,(44,Si,7,5,0),1,(37,Si,5,2,1),3,(37,Si,6,3,0),8,
/* out0192_em-eta12-phi9*/	7,(39,Si,5,2,1),8,(39,Si,5,2,2),2,(39,Si,6,3,0),1,(44,Si,6,4,0),5,(44,Si,7,4,2),7,(37,Si,5,2,1),5,(37,Si,5,2,2),5,
/* out0193_em-eta13-phi9*/	5,(39,Si,5,2,2),8,(44,Si,6,4,0),9,(44,Si,6,4,2),2,(37,Si,4,2,1),1,(37,Si,5,2,2),7,
/* out0194_em-eta14-phi9*/	8,(39,Si,4,2,0),1,(39,Si,4,2,1),4,(39,Si,5,2,2),3,(44,Si,5,3,1),5,(44,Si,6,4,2),4,(37,Si,4,2,0),3,(37,Si,4,2,1),3,(37,Si,5,2,2),1,
/* out0195_em-eta15-phi9*/	4,(39,Si,4,2,0),6,(44,Si,5,3,1),6,(44,Si,5,3,2),1,(37,Si,4,2,0),6,
/* out0196_em-eta16-phi9*/	4,(39,Si,4,2,0),4,(44,Si,5,3,2),5,(37,Si,3,1,2),4,(37,Si,4,2,0),2,
/* out0197_em-eta17-phi9*/	5,(44,Si,4,3,1),1,(44,Si,4,3,2),3,(44,Si,5,3,2),1,(37,Si,3,1,0),2,(37,Si,3,1,2),3,
/* out0198_em-eta18-phi9*/	3,(44,Si,4,3,1),4,(37,Si,3,1,0),1,(37,Si,3,1,1),3,
/* out0199_em-eta19-phi9*/	2,(44,Si,4,3,1),2,(37,Si,3,1,1),1,
/* out0200_em-eta0-phi10*/	0,
/* out0201_em-eta1-phi10*/	0,
/* out0202_em-eta2-phi10*/	0,
/* out0203_em-eta3-phi10*/	0,
/* out0204_em-eta4-phi10*/	0,
/* out0205_em-eta5-phi10*/	6,(37,Si,9,5,1),6,(37,Si,10,5,1),5,(37,Si,10,5,2),2,(37,Si,10,6,0),16,(37,Si,10,6,1),7,(37,Si,10,6,2),8,
/* out0206_em-eta6-phi10*/	4,(39,Si,9,5,1),7,(37,Si,9,5,0),8,(37,Si,9,5,1),8,(37,Si,9,5,2),12,
/* out0207_em-eta7-phi10*/	13,(39,Si,8,4,1),4,(39,Si,8,4,2),2,(39,Si,8,5,0),3,(39,Si,8,5,1),3,(39,Si,9,5,0),5,(39,Si,9,5,1),6,(39,Si,9,5,2),14,(37,Si,8,4,1),4,(37,Si,8,4,2),8,(37,Si,8,5,0),7,(37,Si,8,5,1),3,(37,Si,9,5,0),2,(37,Si,9,5,2),1,
/* out0208_em-eta8-phi10*/	7,(39,Si,7,4,1),6,(39,Si,8,4,2),10,(39,Si,8,5,0),5,(37,Si,7,4,0),2,(37,Si,7,4,1),12,(37,Si,8,4,2),5,(37,Si,8,5,0),1,
/* out0209_em-eta9-phi10*/	6,(39,Si,7,4,0),10,(39,Si,7,4,1),6,(39,Si,7,4,2),2,(37,Si,6,3,1),2,(37,Si,7,4,0),12,(37,Si,7,4,2),2,
/* out0210_em-eta10-phi10*/	6,(39,Si,6,3,1),7,(39,Si,6,3,2),2,(39,Si,7,4,0),4,(39,Si,7,4,2),1,(37,Si,6,3,1),6,(37,Si,6,3,2),7,
/* out0211_em-eta11-phi10*/	9,(39,Si,6,3,0),1,(39,Si,6,3,1),1,(39,Si,6,3,2),11,(44,Si,7,5,0),14,(44,Si,7,5,1),5,(44,Si,7,5,2),2,(37,Si,5,3,1),3,(37,Si,6,3,0),1,(37,Si,6,3,2),7,
/* out0212_em-eta12-phi10*/	12,(39,Si,5,2,2),1,(39,Si,5,3,0),3,(39,Si,5,3,1),4,(39,Si,6,3,0),1,(39,Si,6,3,2),2,(44,Si,6,4,0),1,(44,Si,6,4,1),7,(44,Si,7,5,0),1,(44,Si,7,5,2),5,(37,Si,5,2,2),2,(37,Si,5,3,0),6,(37,Si,5,3,1),2,
/* out0213_em-eta13-phi10*/	8,(39,Si,5,2,2),2,(39,Si,5,3,0),6,(44,Si,6,4,0),1,(44,Si,6,4,1),5,(44,Si,6,4,2),4,(37,Si,4,2,1),3,(37,Si,5,2,2),1,(37,Si,5,3,0),3,
/* out0214_em-eta14-phi10*/	6,(39,Si,4,2,1),7,(44,Si,5,3,1),1,(44,Si,5,4,0),2,(44,Si,6,4,2),5,(37,Si,4,2,1),6,(37,Si,4,2,2),1,
/* out0215_em-eta15-phi10*/	7,(39,Si,4,2,0),2,(39,Si,4,2,1),2,(39,Si,4,2,2),2,(44,Si,5,3,1),3,(44,Si,5,4,0),4,(37,Si,4,2,0),3,(37,Si,4,2,2),2,
/* out0216_em-eta16-phi10*/	10,(39,Si,4,2,0),3,(39,Si,4,2,2),2,(44,Si,4,3,2),3,(44,Si,5,3,1),1,(44,Si,5,3,2),1,(44,Si,5,4,0),1,(44,Si,5,4,2),1,(37,Si,3,1,2),1,(37,Si,4,2,0),2,(37,Si,4,2,2),1,
/* out0217_em-eta17-phi10*/	3,(44,Si,4,3,2),5,(37,Si,3,1,0),7,(37,Si,3,1,2),1,
/* out0218_em-eta18-phi10*/	3,(44,Si,4,3,1),4,(37,Si,3,1,0),5,(37,Si,3,1,1),1,
/* out0219_em-eta19-phi10*/	1,(44,Si,4,3,1),1,
/* out0220_em-eta0-phi11*/	0,
/* out0221_em-eta1-phi11*/	0,
/* out0222_em-eta2-phi11*/	0,
/* out0223_em-eta3-phi11*/	0,
/* out0224_em-eta4-phi11*/	0,
/* out0225_em-eta5-phi11*/	6,(37,Si,9,6,1),11,(37,Si,10,6,1),9,(37,Si,10,6,2),8,(37,Si,10,7,0),4,(37,Si,10,7,1),3,(37,Si,10,7,2),2,
/* out0226_em-eta6-phi11*/	7,(39,Si,9,5,1),1,(39,Si,9,6,2),1,(37,Si,8,5,1),5,(37,Si,9,5,2),3,(37,Si,9,6,0),16,(37,Si,9,6,1),3,(37,Si,9,6,2),4,
/* out0227_em-eta7-phi11*/	11,(39,Si,8,5,0),1,(39,Si,8,5,1),13,(39,Si,8,5,2),6,(39,Si,9,5,1),1,(39,Si,9,5,2),1,(39,Si,9,6,0),13,(39,Si,9,6,1),9,(39,Si,9,6,2),6,(37,Si,8,5,0),5,(37,Si,8,5,1),8,(37,Si,8,5,2),11,
/* out0228_em-eta8-phi11*/	11,(39,Si,7,4,1),3,(39,Si,7,5,0),1,(39,Si,7,5,1),3,(39,Si,8,5,0),7,(39,Si,8,5,2),8,(37,Si,7,4,1),4,(37,Si,7,4,2),5,(37,Si,7,5,0),4,(37,Si,7,5,1),3,(37,Si,8,5,0),3,(37,Si,8,5,2),2,
/* out0229_em-eta9-phi11*/	7,(39,Si,6,4,1),1,(39,Si,7,4,1),1,(39,Si,7,4,2),11,(39,Si,7,5,0),5,(37,Si,6,4,1),5,(37,Si,7,4,2),9,(37,Si,7,5,0),2,
/* out0230_em-eta10-phi11*/	8,(39,Si,6,4,0),4,(39,Si,6,4,1),8,(39,Si,7,4,2),2,(44,Si,7,5,1),2,(44,Si,7,6,0),1,(37,Si,6,3,2),1,(37,Si,6,4,0),9,(37,Si,6,4,1),4,
/* out0231_em-eta11-phi11*/	9,(39,Si,5,3,1),3,(39,Si,6,3,2),1,(39,Si,6,4,0),9,(44,Si,7,5,1),9,(44,Si,7,5,2),4,(44,Si,7,6,0),1,(37,Si,5,3,1),7,(37,Si,6,3,2),1,(37,Si,6,4,0),4,
/* out0232_em-eta12-phi11*/	9,(39,Si,5,3,0),1,(39,Si,5,3,1),8,(39,Si,5,3,2),2,(44,Si,6,4,1),1,(44,Si,6,5,0),7,(44,Si,7,5,2),5,(37,Si,5,3,0),3,(37,Si,5,3,1),3,(37,Si,5,3,2),4,
/* out0233_em-eta13-phi11*/	9,(39,Si,5,3,0),5,(39,Si,5,3,2),4,(44,Si,6,4,1),3,(44,Si,6,4,2),1,(44,Si,6,5,0),5,(44,Si,6,5,2),2,(37,Si,4,2,1),1,(37,Si,5,3,0),4,(37,Si,5,3,2),2,
/* out0234_em-eta14-phi11*/	9,(39,Si,4,2,1),3,(39,Si,4,2,2),2,(39,Si,4,3,0),1,(39,Si,5,3,0),1,(44,Si,5,4,0),5,(44,Si,5,4,1),4,(37,Si,4,2,1),2,(37,Si,4,2,2),5,(37,Si,4,3,0),1,
/* out0235_em-eta15-phi11*/	5,(39,Si,4,2,2),6,(44,Si,5,4,0),4,(44,Si,5,4,1),1,(44,Si,5,4,2),2,(37,Si,4,2,2),5,
/* out0236_em-eta16-phi11*/	6,(39,Si,3,2,1),2,(39,Si,4,2,2),3,(44,Si,4,3,2),1,(44,Si,5,4,2),5,(37,Si,3,2,1),3,(37,Si,4,2,2),1,
/* out0237_em-eta17-phi11*/	5,(39,Si,3,2,1),3,(44,Si,4,3,0),4,(44,Si,4,3,2),4,(37,Si,3,2,0),4,(37,Si,3,2,1),1,
/* out0238_em-eta18-phi11*/	4,(44,Si,4,3,0),3,(44,Si,4,3,1),2,(37,Si,3,1,0),1,(37,Si,3,2,0),3,
/* out0239_em-eta19-phi11*/	2,(44,Si,4,3,1),1,(37,Si,3,2,0),1,
/* out0240_em-eta0-phi12*/	0,
/* out0241_em-eta1-phi12*/	0,
/* out0242_em-eta2-phi12*/	0,
/* out0243_em-eta3-phi12*/	0,
/* out0244_em-eta4-phi12*/	0,
/* out0245_em-eta5-phi12*/	7,(37,Si,9,6,1),2,(37,Si,9,6,2),2,(37,Si,9,7,0),5,(37,Si,9,7,1),9,(37,Si,10,7,0),12,(37,Si,10,7,1),13,(37,Si,10,7,2),14,
/* out0246_em-eta6-phi12*/	7,(39,Si,8,6,1),3,(39,Si,9,6,0),2,(39,Si,9,6,1),2,(39,Si,9,6,2),4,(37,Si,8,6,1),12,(37,Si,9,6,2),10,(37,Si,9,7,0),6,
/* out0247_em-eta7-phi12*/	12,(39,Si,8,5,2),1,(39,Si,8,6,0),11,(39,Si,8,6,1),11,(39,Si,8,6,2),2,(39,Si,9,6,0),1,(39,Si,9,6,1),5,(39,Si,9,6,2),5,(37,Si,7,5,1),3,(37,Si,8,5,2),3,(37,Si,8,6,0),16,(37,Si,8,6,1),2,(37,Si,8,6,2),1,
/* out0248_em-eta8-phi12*/	7,(39,Si,7,5,1),13,(39,Si,7,5,2),2,(39,Si,8,5,2),1,(39,Si,8,6,0),5,(37,Si,7,5,0),4,(37,Si,7,5,1),10,(37,Si,7,5,2),6,
/* out0249_em-eta9-phi12*/	8,(39,Si,6,4,1),1,(39,Si,7,5,0),10,(39,Si,7,5,2),6,(37,Si,6,4,1),5,(37,Si,6,4,2),2,(37,Si,6,5,0),1,(37,Si,7,5,0),6,(37,Si,7,5,2),3,
/* out0250_em-eta10-phi12*/	7,(39,Si,6,4,1),6,(39,Si,6,4,2),8,(39,Si,6,5,0),1,(44,Si,7,6,0),1,(37,Si,6,4,0),1,(37,Si,6,4,1),2,(37,Si,6,4,2),11,
/* out0251_em-eta11-phi12*/	12,(39,Si,5,4,1),3,(39,Si,6,4,0),3,(39,Si,6,4,2),7,(44,Si,6,5,1),1,(44,Si,7,6,0),11,(44,Si,7,6,2),8,(37,Si,5,3,1),1,(37,Si,5,3,2),1,(37,Si,5,4,0),2,(37,Si,5,4,1),3,(37,Si,6,4,0),2,(37,Si,6,4,2),2,
/* out0252_em-eta12-phi12*/	7,(39,Si,5,3,1),1,(39,Si,5,3,2),5,(39,Si,5,4,0),4,(44,Si,6,5,0),3,(44,Si,6,5,1),9,(37,Si,5,3,2),7,(37,Si,5,4,0),3,
/* out0253_em-eta13-phi12*/	7,(39,Si,4,3,1),3,(39,Si,5,3,2),5,(39,Si,5,4,0),1,(44,Si,6,5,0),1,(44,Si,6,5,2),9,(37,Si,4,3,1),6,(37,Si,5,3,2),2,
/* out0254_em-eta14-phi12*/	7,(39,Si,4,3,0),3,(39,Si,4,3,1),4,(44,Si,5,4,1),6,(44,Si,5,5,0),1,(44,Si,6,5,2),2,(37,Si,4,3,0),6,(37,Si,4,3,1),1,
/* out0255_em-eta15-phi12*/	7,(39,Si,4,2,2),1,(39,Si,4,3,0),6,(44,Si,5,4,1),4,(44,Si,5,4,2),3,(37,Si,3,2,1),2,(37,Si,4,2,2),1,(37,Si,4,3,0),3,
/* out0256_em-eta16-phi12*/	5,(39,Si,3,2,1),3,(39,Si,3,2,2),3,(44,Si,4,4,0),2,(44,Si,5,4,2),4,(37,Si,3,2,1),5,
/* out0257_em-eta17-phi12*/	5,(39,Si,3,2,1),4,(44,Si,4,3,0),4,(44,Si,4,4,0),3,(37,Si,3,2,0),2,(37,Si,3,2,1),1,
/* out0258_em-eta18-phi12*/	4,(44,Si,4,3,0),5,(44,Si,4,3,1),1,(44,Si,4,4,0),1,(37,Si,3,2,0),3,
/* out0259_em-eta19-phi12*/	1,(37,Si,3,2,0),1,
/* out0260_em-eta0-phi13*/	0,
/* out0261_em-eta1-phi13*/	0,
/* out0262_em-eta2-phi13*/	0,
/* out0263_em-eta3-phi13*/	0,
/* out0264_em-eta4-phi13*/	0,
/* out0265_em-eta5-phi13*/	5,(37,Si,9,7,0),1,(37,Si,9,7,1),7,(37,Si,9,7,2),11,(37,Si,9,8,0),8,(37,Si,9,8,2),1,
/* out0266_em-eta6-phi13*/	8,(39,Si,8,6,1),1,(39,Si,8,7,0),1,(37,Si,8,6,1),2,(37,Si,8,6,2),4,(37,Si,8,7,0),6,(37,Si,8,7,1),8,(37,Si,9,7,0),4,(37,Si,9,7,2),5,
/* out0267_em-eta7-phi13*/	8,(39,Si,7,6,1),3,(39,Si,8,6,1),1,(39,Si,8,6,2),12,(39,Si,8,7,0),10,(39,Si,8,7,2),2,(37,Si,7,6,1),10,(37,Si,8,6,2),11,(37,Si,8,7,0),3,
/* out0268_em-eta8-phi13*/	7,(39,Si,7,5,2),3,(39,Si,7,6,0),9,(39,Si,7,6,1),7,(39,Si,8,6,2),2,(37,Si,6,5,1),2,(37,Si,7,5,2),6,(37,Si,7,6,0),12,
/* out0269_em-eta9-phi13*/	6,(39,Si,6,5,1),11,(39,Si,7,5,2),5,(39,Si,7,6,0),3,(37,Si,6,5,0),4,(37,Si,6,5,1),11,(37,Si,7,5,2),1,
/* out0270_em-eta10-phi13*/	6,(39,Si,6,4,2),1,(39,Si,6,5,0),12,(39,Si,6,5,1),2,(37,Si,5,4,1),4,(37,Si,6,4,2),1,(37,Si,6,5,0),9,
/* out0271_em-eta11-phi13*/	8,(39,Si,5,4,1),10,(39,Si,6,5,0),1,(44,Si,6,6,0),5,(44,Si,7,6,0),2,(44,Si,7,6,2),8,(37,Si,5,4,0),2,(37,Si,5,4,1),8,(37,Si,5,4,2),1,
/* out0272_em-eta12-phi13*/	8,(39,Si,5,4,0),7,(39,Si,5,4,1),1,(39,Si,5,4,2),2,(44,Si,6,5,1),5,(44,Si,6,6,0),8,(37,Si,4,3,1),1,(37,Si,5,4,0),8,(37,Si,5,4,2),1,
/* out0273_em-eta13-phi13*/	9,(39,Si,4,3,1),5,(39,Si,5,4,0),3,(44,Si,5,5,0),4,(44,Si,5,5,1),1,(44,Si,6,5,1),1,(44,Si,6,5,2),3,(44,Si,6,6,2),1,(37,Si,4,3,1),7,(37,Si,4,3,2),1,
/* out0274_em-eta14-phi13*/	7,(39,Si,4,3,0),1,(39,Si,4,3,1),3,(39,Si,4,3,2),3,(44,Si,5,5,0),8,(37,Si,4,3,0),2,(37,Si,4,3,1),1,(37,Si,4,3,2),3,
/* out0275_em-eta15-phi13*/	11,(39,Si,4,3,0),4,(39,Si,4,3,2),2,(44,Si,4,4,0),1,(44,Si,4,4,1),1,(44,Si,5,4,1),1,(44,Si,5,4,2),1,(44,Si,5,5,0),2,(44,Si,5,5,2),2,(37,Si,3,2,1),1,(37,Si,4,3,0),4,(37,Si,4,3,2),1,
/* out0276_em-eta16-phi13*/	6,(39,Si,3,2,2),5,(39,Si,4,3,0),1,(44,Si,4,4,0),4,(44,Si,4,4,1),2,(37,Si,3,2,1),3,(37,Si,3,2,2),2,
/* out0277_em-eta17-phi13*/	5,(39,Si,3,2,1),3,(39,Si,3,2,2),3,(44,Si,4,4,0),4,(44,Si,4,4,2),1,(37,Si,3,2,2),4,
/* out0278_em-eta18-phi13*/	4,(44,Si,4,4,0),1,(44,Si,4,4,2),3,(37,Si,3,2,0),1,(37,Si,3,2,2),3,
/* out0279_em-eta19-phi13*/	2,(37,Si,3,2,0),1,(37,Si,3,2,2),1,
/* out0280_em-eta0-phi14*/	0,
/* out0281_em-eta1-phi14*/	0,
/* out0282_em-eta2-phi14*/	0,
/* out0283_em-eta3-phi14*/	0,
/* out0284_em-eta4-phi14*/	0,
/* out0285_em-eta5-phi14*/	4,(37,Si,8,7,1),1,(37,Si,8,8,1),4,(37,Si,9,8,0),8,(37,Si,9,8,2),15,
/* out0286_em-eta6-phi14*/	5,(37,Si,7,7,1),1,(37,Si,8,7,0),3,(37,Si,8,7,1),7,(37,Si,8,7,2),14,(37,Si,8,8,0),4,
/* out0287_em-eta7-phi14*/	12,(39,Si,7,6,1),3,(39,Si,7,6,2),1,(39,Si,7,7,0),2,(39,Si,7,7,1),4,(39,Si,8,7,0),5,(39,Si,8,7,2),14,(37,Si,7,6,1),6,(37,Si,7,6,2),6,(37,Si,7,7,0),4,(37,Si,7,7,1),3,(37,Si,8,7,0),4,(37,Si,8,7,2),2,
/* out0288_em-eta8-phi14*/	10,(39,Si,6,6,1),1,(39,Si,7,6,0),2,(39,Si,7,6,1),3,(39,Si,7,6,2),14,(39,Si,7,7,0),2,(37,Si,6,5,1),1,(37,Si,6,6,0),1,(37,Si,6,6,1),4,(37,Si,7,6,0),4,(37,Si,7,6,2),10,
/* out0289_em-eta9-phi14*/	9,(39,Si,6,5,1),3,(39,Si,6,5,2),5,(39,Si,6,6,0),4,(39,Si,6,6,1),3,(39,Si,7,6,0),2,(39,Si,7,6,2),1,(37,Si,6,5,1),2,(37,Si,6,5,2),11,(37,Si,6,6,0),3,
/* out0290_em-eta10-phi14*/	9,(39,Si,5,5,1),3,(39,Si,6,5,0),1,(39,Si,6,5,2),11,(37,Si,5,4,1),1,(37,Si,5,4,2),1,(37,Si,5,5,0),1,(37,Si,5,5,1),4,(37,Si,6,5,0),2,(37,Si,6,5,2),5,
/* out0291_em-eta11-phi14*/	9,(39,Si,5,4,1),2,(39,Si,5,4,2),5,(39,Si,5,5,0),4,(39,Si,5,5,1),1,(39,Si,6,5,0),1,(44,Si,6,6,0),1,(44,Si,6,6,1),10,(37,Si,5,4,2),8,(37,Si,5,5,0),3,
/* out0292_em-eta12-phi14*/	8,(39,Si,4,4,1),2,(39,Si,5,4,2),8,(44,Si,6,6,0),2,(44,Si,6,6,1),2,(44,Si,6,6,2),8,(37,Si,4,4,1),4,(37,Si,5,4,0),1,(37,Si,5,4,2),5,
/* out0293_em-eta13-phi14*/	10,(39,Si,4,3,1),1,(39,Si,4,3,2),1,(39,Si,4,4,0),3,(39,Si,4,4,1),2,(39,Si,5,4,0),1,(39,Si,5,4,2),1,(44,Si,5,5,1),7,(44,Si,6,6,2),3,(37,Si,4,3,2),3,(37,Si,4,4,0),4,
/* out0294_em-eta14-phi14*/	7,(39,Si,4,3,2),6,(39,Si,4,4,0),1,(44,Si,5,5,0),1,(44,Si,5,5,1),4,(44,Si,5,5,2),4,(37,Si,3,3,1),1,(37,Si,4,3,2),6,
/* out0295_em-eta15-phi14*/	7,(39,Si,3,3,1),3,(39,Si,4,3,2),4,(44,Si,4,4,1),1,(44,Si,5,5,2),6,(37,Si,3,3,0),1,(37,Si,3,3,1),3,(37,Si,4,3,2),2,
/* out0296_em-eta16-phi14*/	6,(39,Si,3,2,2),1,(39,Si,3,3,0),3,(39,Si,3,3,1),1,(44,Si,4,4,1),6,(37,Si,3,2,2),2,(37,Si,3,3,0),3,
/* out0297_em-eta17-phi14*/	6,(39,Si,3,2,1),1,(39,Si,3,2,2),4,(39,Si,3,3,0),1,(44,Si,4,4,1),2,(44,Si,4,4,2),4,(37,Si,3,2,2),3,
/* out0298_em-eta18-phi14*/	3,(44,Si,4,4,2),4,(37,Si,2,2,1),2,(37,Si,3,2,2),1,
/* out0299_em-eta19-phi14*/	1,(37,Si,2,2,1),3,
/* out0300_em-eta0-phi15*/	0,
/* out0301_em-eta1-phi15*/	0,
/* out0302_em-eta2-phi15*/	0,
/* out0303_em-eta3-phi15*/	0,
/* out0304_em-eta4-phi15*/	0,
/* out0305_em-eta5-phi15*/	3,(37,Si,8,8,1),12,(37,Si,8,8,2),8,(37,Si,8,9,0),3,
/* out0306_em-eta6-phi15*/	6,(37,Si,7,7,1),7,(37,Si,7,7,2),3,(37,Si,7,8,0),1,(37,Si,7,8,1),1,(37,Si,8,8,0),12,(37,Si,8,8,2),6,
/* out0307_em-eta7-phi15*/	7,(39,Si,7,7,0),3,(39,Si,7,7,1),12,(39,Si,7,7,2),9,(39,Si,7,8,0),1,(37,Si,7,7,0),10,(37,Si,7,7,1),5,(37,Si,7,7,2),9,
/* out0308_em-eta8-phi15*/	8,(39,Si,6,6,1),8,(39,Si,6,6,2),2,(39,Si,7,7,0),9,(39,Si,7,7,2),2,(37,Si,6,6,0),1,(37,Si,6,6,1),12,(37,Si,6,6,2),5,(37,Si,7,7,0),2,
/* out0309_em-eta9-phi15*/	6,(39,Si,6,6,0),8,(39,Si,6,6,1),4,(39,Si,6,6,2),6,(37,Si,5,5,1),3,(37,Si,6,6,0),11,(37,Si,6,6,2),2,
/* out0310_em-eta10-phi15*/	6,(39,Si,5,5,1),10,(39,Si,5,5,2),1,(39,Si,6,6,0),4,(37,Si,5,5,0),2,(37,Si,5,5,1),9,(37,Si,5,5,2),3,
/* out0311_em-eta11-phi15*/	9,(39,Si,5,5,0),8,(39,Si,5,5,1),2,(39,Si,5,5,2),2,(44,Si,6,6,1),3,(44,Si,6,7,0),11,(44,Si,6,7,2),1,(37,Si,4,4,1),2,(37,Si,5,5,0),9,(37,Si,5,5,2),1,
/* out0312_em-eta12-phi15*/	10,(39,Si,4,4,1),7,(39,Si,5,5,0),3,(44,Si,5,6,0),5,(44,Si,5,6,1),2,(44,Si,6,6,1),1,(44,Si,6,6,2),4,(44,Si,6,7,0),1,(44,Si,6,7,2),1,(37,Si,4,4,1),9,(37,Si,4,4,2),1,
/* out0313_em-eta13-phi15*/	7,(39,Si,4,4,0),4,(39,Si,4,4,1),4,(39,Si,4,4,2),1,(44,Si,5,5,1),2,(44,Si,5,6,0),8,(37,Si,4,4,0),7,(37,Si,4,4,2),1,
/* out0314_em-eta14-phi15*/	10,(39,Si,3,3,1),1,(39,Si,4,4,0),6,(44,Si,4,5,0),1,(44,Si,4,5,1),1,(44,Si,5,5,1),2,(44,Si,5,5,2),3,(44,Si,5,6,0),1,(44,Si,5,6,2),1,(37,Si,3,3,1),4,(37,Si,4,4,0),3,
/* out0315_em-eta15-phi15*/	5,(39,Si,3,3,1),6,(44,Si,4,5,0),6,(44,Si,5,5,2),1,(37,Si,3,3,0),1,(37,Si,3,3,1),5,
/* out0316_em-eta16-phi15*/	5,(39,Si,3,3,0),4,(39,Si,3,3,1),2,(44,Si,4,4,1),3,(44,Si,4,5,0),4,(37,Si,3,3,0),5,
/* out0317_em-eta17-phi15*/	6,(39,Si,3,3,0),4,(44,Si,3,4,1),1,(44,Si,4,4,1),1,(44,Si,4,4,2),3,(37,Si,2,2,2),2,(37,Si,3,3,0),2,
/* out0318_em-eta18-phi15*/	4,(44,Si,3,4,1),4,(44,Si,4,4,2),1,(37,Si,2,2,1),3,(37,Si,2,2,2),1,
/* out0319_em-eta19-phi15*/	1,(37,Si,2,2,1),3,
/* out0320_em-eta0-phi16*/	0,
/* out0321_em-eta1-phi16*/	0,
/* out0322_em-eta2-phi16*/	0,
/* out0323_em-eta3-phi16*/	0,
/* out0324_em-eta4-phi16*/	0,
/* out0325_em-eta5-phi16*/	6,(37,Si,7,8,1),3,(37,Si,7,8,2),1,(37,Si,7,9,0),1,(37,Si,8,8,2),1,(37,Si,8,9,0),13,(37,Si,8,9,2),14,
/* out0326_em-eta6-phi16*/	5,(39,Si,7,8,0),2,(37,Si,7,8,0),10,(37,Si,7,8,1),12,(37,Si,7,8,2),6,(37,Si,8,8,2),1,
/* out0327_em-eta7-phi16*/	8,(39,Si,6,7,1),7,(39,Si,7,7,2),4,(39,Si,7,8,0),12,(39,Si,7,8,2),9,(37,Si,6,7,1),15,(37,Si,6,7,2),1,(37,Si,7,7,2),4,(37,Si,7,8,0),5,
/* out0328_em-eta8-phi16*/	8,(39,Si,6,6,2),1,(39,Si,6,7,0),10,(39,Si,6,7,1),8,(39,Si,6,7,2),1,(39,Si,7,7,2),1,(37,Si,5,6,1),2,(37,Si,6,6,2),5,(37,Si,6,7,0),13,
/* out0329_em-eta9-phi16*/	6,(39,Si,5,6,1),9,(39,Si,6,6,2),7,(39,Si,6,7,0),3,(37,Si,5,6,0),4,(37,Si,5,6,1),9,(37,Si,6,6,2),4,
/* out0330_em-eta10-phi16*/	6,(39,Si,5,5,2),5,(39,Si,5,6,0),8,(39,Si,5,6,1),2,(37,Si,4,5,1),1,(37,Si,5,5,2),8,(37,Si,5,6,0),4,
/* out0331_em-eta11-phi16*/	10,(39,Si,4,5,1),5,(39,Si,5,5,2),8,(44,Si,5,7,0),1,(44,Si,6,7,0),4,(44,Si,6,7,2),12,(37,Si,4,4,1),1,(37,Si,4,5,0),2,(37,Si,4,5,1),5,(37,Si,5,5,0),1,(37,Si,5,5,2),4,
/* out0332_em-eta12-phi16*/	9,(39,Si,4,4,1),1,(39,Si,4,4,2),4,(39,Si,4,5,0),3,(39,Si,4,5,1),1,(39,Si,5,5,0),1,(44,Si,5,6,1),10,(44,Si,6,7,2),1,(37,Si,4,4,2),7,(37,Si,4,5,0),2,
/* out0333_em-eta13-phi16*/	7,(39,Si,4,4,2),8,(44,Si,5,6,0),2,(44,Si,5,6,1),1,(44,Si,5,6,2),7,(37,Si,3,4,1),1,(37,Si,4,4,0),1,(37,Si,4,4,2),7,
/* out0334_em-eta14-phi16*/	12,(39,Si,3,3,1),1,(39,Si,3,3,2),1,(39,Si,3,4,0),1,(39,Si,3,4,1),1,(39,Si,4,4,0),2,(39,Si,4,4,2),2,(44,Si,4,5,1),5,(44,Si,5,6,2),3,(37,Si,3,3,1),2,(37,Si,3,3,2),2,(37,Si,3,4,0),1,(37,Si,4,4,0),1,
/* out0335_em-eta15-phi16*/	7,(39,Si,3,3,1),2,(39,Si,3,3,2),4,(44,Si,4,5,0),3,(44,Si,4,5,1),3,(44,Si,4,5,2),1,(37,Si,3,3,1),1,(37,Si,3,3,2),5,
/* out0336_em-eta16-phi16*/	6,(39,Si,3,3,0),1,(39,Si,3,3,2),4,(44,Si,4,5,0),2,(44,Si,4,5,2),4,(37,Si,3,3,0),2,(37,Si,3,3,2),3,
/* out0337_em-eta17-phi16*/	7,(39,Si,3,3,0),3,(39,Si,3,3,2),1,(44,Si,3,4,1),2,(44,Si,3,4,2),4,(44,Si,4,5,2),1,(37,Si,2,2,2),3,(37,Si,3,3,0),2,
/* out0338_em-eta18-phi16*/	2,(44,Si,3,4,1),5,(37,Si,2,2,2),4,
/* out0339_em-eta19-phi16*/	1,(37,Si,2,2,1),2,
/* out0340_em-eta0-phi17*/	0,
/* out0341_em-eta1-phi17*/	0,
/* out0342_em-eta2-phi17*/	0,
/* out0343_em-eta3-phi17*/	0,
/* out0344_em-eta4-phi17*/	0,
/* out0345_em-eta5-phi17*/	4,(37,Si,7,9,0),15,(37,Si,7,9,1),10,(37,Si,7,9,2),7,(37,Si,8,9,2),2,
/* out0346_em-eta6-phi17*/	7,(39,Si,6,8,0),2,(39,Si,6,8,1),1,(39,Si,7,8,0),1,(39,Si,7,8,2),1,(37,Si,6,8,1),12,(37,Si,7,8,2),9,(37,Si,7,9,2),8,
/* out0347_em-eta7-phi17*/	11,(39,Si,6,7,1),1,(39,Si,6,7,2),3,(39,Si,6,8,0),14,(39,Si,6,8,1),3,(39,Si,6,8,2),9,(39,Si,7,8,2),6,(37,Si,5,7,1),1,(37,Si,6,7,1),1,(37,Si,6,7,2),10,(37,Si,6,8,0),10,(37,Si,6,8,1),1,
/* out0348_em-eta8-phi17*/	10,(39,Si,5,7,1),6,(39,Si,6,7,0),2,(39,Si,6,7,2),12,(39,Si,6,8,2),1,(37,Si,5,6,1),2,(37,Si,5,6,2),1,(37,Si,5,7,0),3,(37,Si,5,7,1),5,(37,Si,6,7,0),3,(37,Si,6,7,2),5,
/* out0349_em-eta9-phi17*/	7,(39,Si,5,6,1),5,(39,Si,5,6,2),8,(39,Si,5,7,0),3,(39,Si,6,7,0),1,(37,Si,5,6,0),2,(37,Si,5,6,1),3,(37,Si,5,6,2),11,
/* out0350_em-eta10-phi17*/	8,(39,Si,4,5,1),1,(39,Si,5,6,0),8,(39,Si,5,6,2),6,(44,Si,5,7,1),1,(37,Si,4,5,1),5,(37,Si,4,5,2),1,(37,Si,5,6,0),6,(37,Si,5,6,2),2,
/* out0351_em-eta11-phi17*/	8,(39,Si,4,5,1),9,(39,Si,4,5,2),3,(44,Si,5,7,0),8,(44,Si,5,7,1),6,(44,Si,6,7,2),1,(37,Si,4,5,0),3,(37,Si,4,5,1),5,(37,Si,4,5,2),3,
/* out0352_em-eta12-phi17*/	7,(39,Si,4,5,0),9,(39,Si,4,5,2),1,(44,Si,5,6,1),3,(44,Si,5,7,0),7,(44,Si,5,7,2),3,(37,Si,3,4,1),2,(37,Si,4,5,0),7,
/* out0353_em-eta13-phi17*/	7,(39,Si,3,4,1),6,(39,Si,4,4,2),1,(39,Si,4,5,0),2,(44,Si,4,6,0),5,(44,Si,4,6,1),1,(44,Si,5,6,2),4,(37,Si,3,4,1),8,
/* out0354_em-eta14-phi17*/	7,(39,Si,3,4,0),3,(39,Si,3,4,1),4,(44,Si,4,5,1),3,(44,Si,4,6,0),5,(44,Si,5,6,2),1,(37,Si,3,4,0),6,(37,Si,3,4,1),1,
/* out0355_em-eta15-phi17*/	7,(39,Si,3,3,2),2,(39,Si,3,4,0),4,(44,Si,4,5,1),4,(44,Si,4,5,2),3,(37,Si,2,3,1),1,(37,Si,3,3,2),3,(37,Si,3,4,0),1,
/* out0356_em-eta16-phi17*/	6,(39,Si,2,3,1),2,(39,Si,3,3,2),3,(44,Si,3,5,0),1,(44,Si,4,5,2),6,(37,Si,2,3,1),2,(37,Si,3,3,2),2,
/* out0357_em-eta17-phi17*/	7,(39,Si,2,3,1),2,(39,Si,3,3,2),1,(44,Si,3,4,2),6,(37,Si,2,2,2),1,(37,Si,2,3,0),2,(37,Si,2,3,1),1,(37,Si,3,3,2),1,
/* out0358_em-eta18-phi17*/	3,(44,Si,3,4,1),3,(44,Si,3,4,2),2,(37,Si,2,2,2),4,
/* out0359_em-eta19-phi17*/	1,(37,Si,2,2,1),2,
/* out0360_em-eta0-phi18*/	0,
/* out0361_em-eta1-phi18*/	0,
/* out0362_em-eta2-phi18*/	0,
/* out0363_em-eta3-phi18*/	0,
/* out0364_em-eta4-phi18*/	0,
/* out0365_em-eta5-phi18*/	2,(37,Si,6,9,1),13,(37,Si,7,9,1),5,
/* out0366_em-eta6-phi18*/	7,(37,Si,5,8,1),2,(37,Si,6,8,1),3,(37,Si,6,8,2),11,(37,Si,6,9,0),10,(37,Si,6,9,1),2,(37,Si,7,9,1),1,(37,Si,7,9,2),1,
/* out0367_em-eta7-phi18*/	10,(39,Si,5,8,0),1,(39,Si,5,8,1),5,(39,Si,6,8,1),12,(39,Si,6,8,2),5,(37,Si,5,7,1),5,(37,Si,5,7,2),3,(37,Si,5,8,0),2,(37,Si,5,8,1),3,(37,Si,6,8,0),6,(37,Si,6,8,2),5,
/* out0368_em-eta8-phi18*/	8,(39,Si,5,7,0),1,(39,Si,5,7,1),10,(39,Si,5,7,2),9,(39,Si,5,8,0),1,(39,Si,6,8,2),1,(37,Si,5,7,0),8,(37,Si,5,7,1),5,(37,Si,5,7,2),7,
/* out0369_em-eta9-phi18*/	7,(39,Si,4,6,1),5,(39,Si,5,6,2),1,(39,Si,5,7,0),11,(39,Si,5,7,2),1,(37,Si,4,6,1),10,(37,Si,5,6,2),2,(37,Si,5,7,0),5,
/* out0370_em-eta10-phi18*/	10,(39,Si,4,6,0),5,(39,Si,4,6,1),9,(39,Si,5,6,2),1,(44,Si,5,7,1),1,(44,Si,5,8,0),4,(44,Si,5,8,1),2,(44,Si,5,8,2),2,(37,Si,4,5,2),2,(37,Si,4,6,0),8,(37,Si,4,6,1),4,
/* out0371_em-eta11-phi18*/	11,(39,Si,3,5,1),1,(39,Si,4,5,2),7,(39,Si,4,6,0),4,(44,Si,5,7,1),8,(44,Si,5,7,2),5,(44,Si,5,8,0),6,(44,Si,5,8,1),5,(44,Si,5,8,2),1,(37,Si,3,5,1),2,(37,Si,4,5,2),8,(37,Si,4,6,0),1,
/* out0372_em-eta12-phi18*/	13,(39,Si,3,5,0),1,(39,Si,3,5,1),3,(39,Si,4,5,0),2,(39,Si,4,5,2),5,(44,Si,4,6,1),3,(44,Si,4,7,0),1,(44,Si,5,7,2),8,(37,Si,3,4,1),2,(37,Si,3,4,2),2,(37,Si,3,5,0),1,(37,Si,3,5,1),2,(37,Si,4,5,0),2,(37,Si,4,5,2),2,
/* out0373_em-eta13-phi18*/	7,(39,Si,3,4,1),4,(39,Si,3,4,2),5,(44,Si,4,6,0),2,(44,Si,4,6,1),8,(44,Si,4,6,2),1,(37,Si,3,4,1),2,(37,Si,3,4,2),5,
/* out0374_em-eta14-phi18*/	7,(39,Si,3,4,0),2,(39,Si,3,4,1),1,(39,Si,3,4,2),4,(44,Si,4,6,0),4,(44,Si,4,6,2),5,(37,Si,3,4,0),5,(37,Si,3,4,2),2,
/* out0375_em-eta15-phi18*/	8,(39,Si,2,3,2),1,(39,Si,3,4,0),5,(44,Si,3,5,0),2,(44,Si,3,5,1),3,(44,Si,4,5,2),1,(44,Si,4,6,2),1,(37,Si,2,3,1),4,(37,Si,3,4,0),2,
/* out0376_em-eta16-phi18*/	4,(39,Si,2,3,1),2,(39,Si,2,3,2),3,(44,Si,3,5,0),6,(37,Si,2,3,1),5,
/* out0377_em-eta17-phi18*/	4,(39,Si,2,3,1),4,(44,Si,3,4,2),2,(44,Si,3,5,0),3,(37,Si,2,3,0),3,
/* out0378_em-eta18-phi18*/	5,(39,Si,2,3,1),1,(44,Si,3,4,1),1,(44,Si,3,4,2),2,(37,Si,2,2,2),1,(37,Si,2,3,0),3,
/* out0379_em-eta19-phi18*/	1,(37,Si,2,2,1),1,
/* out0380_em-eta0-phi19*/	0,
/* out0381_em-eta1-phi19*/	0,
/* out0382_em-eta2-phi19*/	0,
/* out0383_em-eta3-phi19*/	0,
/* out0384_em-eta4-phi19*/	0,
/* out0385_em-eta5-phi19*/	6,(37,Si,5,9,1),4,(37,Si,6,9,1),1,(37,Si,6,9,2),12,(37,Si,6,10,0),15,(37,Si,6,10,1),14,(37,Si,6,10,2),12,
/* out0386_em-eta6-phi19*/	11,(39,Si,5,8,1),1,(39,Si,5,8,2),1,(39,Si,5,9,0),3,(39,Si,5,9,1),2,(39,Si,5,9,2),1,(37,Si,5,8,1),7,(37,Si,5,8,2),5,(37,Si,5,9,0),3,(37,Si,5,9,1),4,(37,Si,6,9,0),6,(37,Si,6,9,2),4,
/* out0387_em-eta7-phi19*/	9,(39,Si,5,8,0),5,(39,Si,5,8,1),10,(39,Si,5,8,2),10,(39,Si,5,9,0),1,(39,Si,5,9,1),1,(37,Si,4,7,1),1,(37,Si,5,8,0),13,(37,Si,5,8,1),4,(37,Si,5,8,2),6,
/* out0388_em-eta8-phi19*/	6,(39,Si,4,7,1),9,(39,Si,5,7,2),4,(39,Si,5,8,0),9,(37,Si,4,7,0),2,(37,Si,4,7,1),12,(37,Si,5,7,2),6,
/* out0389_em-eta9-phi19*/	9,(39,Si,4,6,1),1,(39,Si,4,6,2),4,(39,Si,4,7,0),6,(39,Si,4,7,1),4,(39,Si,5,7,0),1,(39,Si,5,7,2),2,(37,Si,4,6,1),2,(37,Si,4,6,2),10,(37,Si,4,7,0),5,
/* out0390_em-eta10-phi19*/	8,(39,Si,4,6,0),2,(39,Si,4,6,1),1,(39,Si,4,6,2),12,(44,Si,5,8,0),1,(44,Si,5,8,2),1,(37,Si,3,5,1),1,(37,Si,4,6,0),7,(37,Si,4,6,2),6,
/* out0391_em-eta11-phi19*/	10,(39,Si,3,5,1),7,(39,Si,3,5,2),1,(39,Si,4,6,0),5,(44,Si,4,7,0),3,(44,Si,4,7,1),8,(44,Si,5,8,0),5,(44,Si,5,8,1),9,(44,Si,5,8,2),12,(37,Si,3,5,1),10,(37,Si,3,5,2),1,
/* out0392_em-eta12-phi19*/	7,(39,Si,3,5,0),4,(39,Si,3,5,1),5,(39,Si,3,5,2),1,(44,Si,4,7,0),11,(44,Si,4,7,2),1,(37,Si,3,5,0),8,(37,Si,3,5,1),1,
/* out0393_em-eta13-phi19*/	11,(39,Si,2,4,1),1,(39,Si,3,4,2),2,(39,Si,3,5,0),6,(44,Si,3,6,0),1,(44,Si,4,6,1),4,(44,Si,4,6,2),3,(44,Si,4,7,0),1,(44,Si,4,7,2),1,(37,Si,2,4,1),2,(37,Si,3,4,2),4,(37,Si,3,5,0),2,
/* out0394_em-eta14-phi19*/	7,(39,Si,2,4,1),3,(39,Si,3,4,2),4,(44,Si,3,6,0),2,(44,Si,4,6,2),6,(37,Si,2,4,1),3,(37,Si,3,4,0),1,(37,Si,3,4,2),3,
/* out0395_em-eta15-phi19*/	9,(39,Si,2,3,2),3,(39,Si,2,4,0),1,(39,Si,2,4,1),1,(39,Si,3,4,0),1,(39,Si,3,4,2),1,(44,Si,3,5,1),7,(37,Si,2,3,1),2,(37,Si,2,3,2),3,(37,Si,2,4,0),1,
/* out0396_em-eta16-phi19*/	6,(39,Si,2,3,2),6,(44,Si,3,5,0),2,(44,Si,3,5,1),2,(44,Si,3,5,2),2,(37,Si,2,3,1),1,(37,Si,2,3,2),3,
/* out0397_em-eta17-phi19*/	5,(39,Si,2,3,0),2,(39,Si,2,3,1),3,(44,Si,3,5,0),2,(44,Si,3,5,2),3,(37,Si,2,3,0),3,
/* out0398_em-eta18-phi19*/	2,(39,Si,2,3,1),1,(37,Si,2,3,0),3,
/* out0399_em-eta19-phi19*/	0,
/* out0400_em-eta0-phi20*/	0,
/* out0401_em-eta1-phi20*/	0,
/* out0402_em-eta2-phi20*/	0,
/* out0403_em-eta3-phi20*/	0,
/* out0404_em-eta4-phi20*/	0,
/* out0405_em-eta5-phi20*/	8,(37,Si,5,9,1),6,(37,Si,5,9,2),9,(37,Si,5,10,0),12,(37,Si,5,10,1),8,(37,Si,5,10,2),4,(37,Si,6,10,0),1,(37,Si,6,10,1),2,(37,Si,6,10,2),4,
/* out0406_em-eta6-phi20*/	8,(39,Si,5,9,0),6,(39,Si,5,9,1),1,(39,Si,5,9,2),7,(37,Si,4,8,1),6,(37,Si,5,8,2),1,(37,Si,5,9,0),13,(37,Si,5,9,1),2,(37,Si,5,9,2),7,
/* out0407_em-eta7-phi20*/	12,(39,Si,4,8,0),1,(39,Si,4,8,1),15,(39,Si,5,8,2),5,(39,Si,5,9,0),6,(39,Si,5,9,1),12,(39,Si,5,9,2),8,(37,Si,4,7,1),1,(37,Si,4,7,2),1,(37,Si,4,8,0),7,(37,Si,4,8,1),10,(37,Si,5,8,0),1,(37,Si,5,8,2),4,
/* out0408_em-eta8-phi20*/	8,(39,Si,4,7,1),3,(39,Si,4,7,2),10,(39,Si,4,8,0),7,(39,Si,4,8,1),1,(37,Si,4,7,0),2,(37,Si,4,7,1),2,(37,Si,4,7,2),14,(37,Si,4,8,0),1,
/* out0409_em-eta9-phi20*/	6,(39,Si,3,6,1),3,(39,Si,4,7,0),10,(39,Si,4,7,2),6,(37,Si,3,6,1),9,(37,Si,4,7,0),7,(37,Si,4,7,2),1,
/* out0410_em-eta10-phi20*/	4,(39,Si,3,6,0),1,(39,Si,3,6,1),13,(37,Si,3,6,0),6,(37,Si,3,6,1),7,
/* out0411_em-eta11-phi20*/	9,(39,Si,3,5,2),5,(39,Si,3,6,0),7,(44,Si,4,7,1),8,(44,Si,4,7,2),1,(44,Si,4,8,0),12,(44,Si,4,8,1),8,(44,Si,4,8,2),4,(37,Si,3,5,2),10,(37,Si,3,6,0),2,
/* out0412_em-eta12-phi20*/	5,(39,Si,3,5,0),1,(39,Si,3,5,2),9,(44,Si,4,7,2),12,(37,Si,3,5,0),4,(37,Si,3,5,2),5,
/* out0413_em-eta13-phi20*/	7,(39,Si,2,4,1),5,(39,Si,3,5,0),4,(44,Si,3,6,0),2,(44,Si,3,6,1),8,(44,Si,4,7,2),1,(37,Si,2,4,1),7,(37,Si,3,5,0),1,
/* out0414_em-eta14-phi20*/	5,(39,Si,2,4,0),1,(39,Si,2,4,1),6,(44,Si,3,6,0),8,(37,Si,2,4,0),3,(37,Si,2,4,1),4,
/* out0415_em-eta15-phi20*/	6,(39,Si,2,4,0),5,(44,Si,3,5,1),4,(44,Si,3,5,2),1,(44,Si,3,6,0),3,(37,Si,2,3,2),2,(37,Si,2,4,0),4,
/* out0416_em-eta16-phi20*/	5,(39,Si,2,3,0),3,(39,Si,2,3,2),3,(39,Si,2,4,0),1,(44,Si,3,5,2),6,(37,Si,2,3,2),5,
/* out0417_em-eta17-phi20*/	4,(39,Si,2,3,0),10,(44,Si,3,5,2),4,(37,Si,2,3,0),1,(37,Si,2,3,2),3,
/* out0418_em-eta18-phi20*/	3,(39,Si,2,3,0),1,(39,Si,2,3,1),1,(37,Si,2,3,0),1,
/* out0419_em-eta19-phi20*/	0,
/* out0420_em-eta0-phi21*/	0,
/* out0421_em-eta1-phi21*/	0,
/* out0422_em-eta2-phi21*/	0,
/* out0423_em-eta3-phi21*/	0,
/* out0424_em-eta4-phi21*/	0,
/* out0425_em-eta5-phi21*/	8,(37,Si,4,9,1),9,(37,Si,4,9,2),6,(37,Si,4,10,0),4,(37,Si,4,10,1),2,(37,Si,4,10,2),1,(37,Si,5,10,0),4,(37,Si,5,10,1),8,(37,Si,5,10,2),12,
/* out0426_em-eta6-phi21*/	8,(39,Si,4,9,0),7,(39,Si,4,9,1),1,(39,Si,4,9,2),6,(37,Si,3,8,1),1,(37,Si,4,8,2),6,(37,Si,4,9,0),13,(37,Si,4,9,1),7,(37,Si,4,9,2),2,
/* out0427_em-eta7-phi21*/	12,(39,Si,3,8,1),5,(39,Si,4,8,0),1,(39,Si,4,8,2),15,(39,Si,4,9,0),8,(39,Si,4,9,1),12,(39,Si,4,9,2),6,(37,Si,3,7,1),1,(37,Si,3,7,2),1,(37,Si,3,8,0),1,(37,Si,3,8,1),4,(37,Si,4,8,0),7,(37,Si,4,8,2),10,
/* out0428_em-eta8-phi21*/	8,(39,Si,3,7,1),10,(39,Si,3,7,2),3,(39,Si,4,8,0),7,(39,Si,4,8,2),1,(37,Si,3,7,0),2,(37,Si,3,7,1),14,(37,Si,3,7,2),2,(37,Si,4,8,0),1,
/* out0429_em-eta9-phi21*/	6,(39,Si,3,6,2),3,(39,Si,3,7,0),10,(39,Si,3,7,1),6,(37,Si,3,6,2),9,(37,Si,3,7,0),7,(37,Si,3,7,1),1,
/* out0430_em-eta10-phi21*/	4,(39,Si,3,6,0),1,(39,Si,3,6,2),13,(37,Si,3,6,0),6,(37,Si,3,6,2),7,
/* out0431_em-eta11-phi21*/	9,(39,Si,2,5,1),5,(39,Si,3,6,0),7,(44,Si,3,7,0),1,(44,Si,3,7,1),8,(44,Si,4,8,0),4,(44,Si,4,8,1),8,(44,Si,4,8,2),12,(37,Si,2,5,1),10,(37,Si,3,6,0),2,
/* out0432_em-eta12-phi21*/	5,(39,Si,2,5,0),1,(39,Si,2,5,1),9,(44,Si,3,7,0),12,(37,Si,2,5,0),4,(37,Si,2,5,1),5,
/* out0433_em-eta13-phi21*/	7,(39,Si,2,4,2),5,(39,Si,2,5,0),4,(44,Si,3,6,1),8,(44,Si,3,6,2),2,(44,Si,3,7,0),1,(37,Si,2,4,2),7,(37,Si,2,5,0),1,
/* out0434_em-eta14-phi21*/	5,(39,Si,2,4,0),1,(39,Si,2,4,2),6,(44,Si,3,6,2),8,(37,Si,2,4,0),3,(37,Si,2,4,2),4,
/* out0435_em-eta15-phi21*/	6,(39,Si,2,4,0),5,(44,Si,2,5,0),1,(44,Si,2,5,1),4,(44,Si,3,6,2),3,(37,Si,1,3,1),2,(37,Si,2,4,0),4,
/* out0436_em-eta16-phi21*/	5,(39,Si,1,3,1),1,(39,Si,1,3,2),3,(39,Si,2,4,0),1,(44,Si,2,5,0),6,(37,Si,1,3,1),5,
/* out0437_em-eta17-phi21*/	4,(39,Si,1,3,1),4,(44,Si,2,5,0),4,(37,Si,1,3,0),1,(37,Si,1,3,1),3,
/* out0438_em-eta18-phi21*/	2,(39,Si,1,3,1),2,(37,Si,1,3,0),1,
/* out0439_em-eta19-phi21*/	0,
/* out0440_em-eta0-phi22*/	0,
/* out0441_em-eta1-phi22*/	0,
/* out0442_em-eta2-phi22*/	0,
/* out0443_em-eta3-phi22*/	0,
/* out0444_em-eta4-phi22*/	0,
/* out0445_em-eta5-phi22*/	6,(37,Si,3,9,1),12,(37,Si,3,9,2),1,(37,Si,4,9,2),4,(37,Si,4,10,0),12,(37,Si,4,10,1),14,(37,Si,4,10,2),15,
/* out0446_em-eta6-phi22*/	11,(39,Si,3,8,1),1,(39,Si,3,8,2),1,(39,Si,4,9,0),1,(39,Si,4,9,1),2,(39,Si,4,9,2),3,(37,Si,3,8,1),5,(37,Si,3,8,2),7,(37,Si,3,9,0),6,(37,Si,3,9,1),4,(37,Si,4,9,0),3,(37,Si,4,9,2),4,
/* out0447_em-eta7-phi22*/	9,(39,Si,3,8,0),5,(39,Si,3,8,1),10,(39,Si,3,8,2),10,(39,Si,4,9,1),1,(39,Si,4,9,2),1,(37,Si,3,7,2),1,(37,Si,3,8,0),13,(37,Si,3,8,1),6,(37,Si,3,8,2),4,
/* out0448_em-eta8-phi22*/	6,(39,Si,2,7,1),4,(39,Si,3,7,2),9,(39,Si,3,8,0),9,(37,Si,2,7,1),6,(37,Si,3,7,0),2,(37,Si,3,7,2),12,
/* out0449_em-eta9-phi22*/	9,(39,Si,2,6,1),4,(39,Si,2,6,2),1,(39,Si,2,7,0),1,(39,Si,2,7,1),2,(39,Si,3,7,0),6,(39,Si,3,7,2),4,(37,Si,2,6,1),10,(37,Si,2,6,2),2,(37,Si,3,7,0),5,
/* out0450_em-eta10-phi22*/	8,(39,Si,2,6,0),2,(39,Si,2,6,1),12,(39,Si,2,6,2),1,(44,Si,3,8,0),1,(44,Si,3,8,2),1,(37,Si,2,5,2),1,(37,Si,2,6,0),7,(37,Si,2,6,1),6,
/* out0451_em-eta11-phi22*/	10,(39,Si,2,5,1),1,(39,Si,2,5,2),7,(39,Si,2,6,0),5,(44,Si,3,7,1),8,(44,Si,3,7,2),3,(44,Si,3,8,0),12,(44,Si,3,8,1),9,(44,Si,3,8,2),5,(37,Si,2,5,1),1,(37,Si,2,5,2),10,
/* out0452_em-eta12-phi22*/	7,(39,Si,2,5,0),4,(39,Si,2,5,1),1,(39,Si,2,5,2),5,(44,Si,3,7,0),1,(44,Si,3,7,2),11,(37,Si,2,5,0),8,(37,Si,2,5,2),1,
/* out0453_em-eta13-phi22*/	11,(39,Si,1,4,1),2,(39,Si,2,4,2),1,(39,Si,2,5,0),6,(44,Si,2,6,0),3,(44,Si,2,6,1),4,(44,Si,3,6,2),1,(44,Si,3,7,0),1,(44,Si,3,7,2),1,(37,Si,1,4,1),4,(37,Si,2,4,2),2,(37,Si,2,5,0),2,
/* out0454_em-eta14-phi22*/	7,(39,Si,1,4,1),4,(39,Si,2,4,2),3,(44,Si,2,6,0),6,(44,Si,3,6,2),2,(37,Si,1,4,0),1,(37,Si,1,4,1),3,(37,Si,2,4,2),3,
/* out0455_em-eta15-phi22*/	9,(39,Si,1,3,2),3,(39,Si,1,4,0),1,(39,Si,1,4,1),1,(39,Si,2,4,0),1,(39,Si,2,4,2),1,(44,Si,2,5,1),7,(37,Si,1,3,1),3,(37,Si,1,3,2),2,(37,Si,2,4,0),1,
/* out0456_em-eta16-phi22*/	6,(39,Si,1,3,2),5,(44,Si,2,5,0),2,(44,Si,2,5,1),2,(44,Si,2,5,2),2,(37,Si,1,3,1),3,(37,Si,1,3,2),1,
/* out0457_em-eta17-phi22*/	4,(39,Si,1,3,1),4,(44,Si,2,5,0),3,(44,Si,2,5,2),2,(37,Si,1,3,0),3,
/* out0458_em-eta18-phi22*/	2,(39,Si,1,3,1),1,(37,Si,1,3,0),3,
/* out0459_em-eta19-phi22*/	0,
/* out0460_em-eta0-phi23*/	0,
/* out0461_em-eta1-phi23*/	0,
/* out0462_em-eta2-phi23*/	0,
/* out0463_em-eta3-phi23*/	0,
/* out0464_em-eta4-phi23*/	0,
/* out0465_em-eta5-phi23*/	3,(37,Si,2,9,0),11,(37,Si,2,9,1),2,(37,Si,3,9,2),13,
/* out0466_em-eta6-phi23*/	7,(37,Si,2,8,1),11,(37,Si,2,8,2),3,(37,Si,2,9,0),2,(37,Si,2,9,2),1,(37,Si,3,8,2),2,(37,Si,3,9,0),10,(37,Si,3,9,2),2,
/* out0467_em-eta7-phi23*/	11,(39,Si,2,8,0),16,(39,Si,2,8,1),5,(39,Si,2,8,2),6,(39,Si,3,8,0),1,(39,Si,3,8,2),5,(37,Si,2,7,1),3,(37,Si,2,7,2),5,(37,Si,2,8,0),6,(37,Si,2,8,1),5,(37,Si,3,8,0),2,(37,Si,3,8,2),3,
/* out0468_em-eta8-phi23*/	8,(39,Si,2,7,0),1,(39,Si,2,7,1),9,(39,Si,2,7,2),10,(39,Si,2,8,2),1,(39,Si,3,8,0),1,(37,Si,2,7,0),8,(37,Si,2,7,1),7,(37,Si,2,7,2),5,
/* out0469_em-eta9-phi23*/	7,(39,Si,1,6,1),1,(39,Si,2,6,2),5,(39,Si,2,7,0),11,(39,Si,2,7,1),1,(37,Si,1,6,1),2,(37,Si,2,6,2),10,(37,Si,2,7,0),5,
/* out0470_em-eta10-phi23*/	10,(39,Si,1,6,1),1,(39,Si,2,6,0),5,(39,Si,2,6,2),9,(44,Si,2,7,1),1,(44,Si,3,8,0),2,(44,Si,3,8,1),2,(44,Si,3,8,2),4,(37,Si,1,5,1),2,(37,Si,2,6,0),8,(37,Si,2,6,2),4,
/* out0471_em-eta11-phi23*/	11,(39,Si,1,5,1),7,(39,Si,2,5,2),1,(39,Si,2,6,0),4,(44,Si,2,7,0),5,(44,Si,2,7,1),8,(44,Si,3,8,0),1,(44,Si,3,8,1),5,(44,Si,3,8,2),6,(37,Si,1,5,1),8,(37,Si,2,5,2),2,(37,Si,2,6,0),1,
/* out0472_em-eta12-phi23*/	13,(39,Si,1,5,0),2,(39,Si,1,5,1),5,(39,Si,2,5,0),1,(39,Si,2,5,2),3,(44,Si,2,6,1),3,(44,Si,2,7,0),8,(44,Si,3,7,2),1,(37,Si,1,4,1),2,(37,Si,1,4,2),2,(37,Si,1,5,0),2,(37,Si,1,5,1),2,(37,Si,2,5,0),1,(37,Si,2,5,2),2,
/* out0473_em-eta13-phi23*/	7,(39,Si,1,4,1),5,(39,Si,1,4,2),4,(44,Si,2,6,0),1,(44,Si,2,6,1),8,(44,Si,2,6,2),2,(37,Si,1,4,1),5,(37,Si,1,4,2),2,
/* out0474_em-eta14-phi23*/	7,(39,Si,1,4,0),2,(39,Si,1,4,1),4,(39,Si,1,4,2),1,(44,Si,2,6,0),5,(44,Si,2,6,2),4,(37,Si,1,4,0),5,(37,Si,1,4,1),2,
/* out0475_em-eta15-phi23*/	8,(39,Si,1,3,2),1,(39,Si,1,4,0),5,(44,Si,1,5,0),1,(44,Si,2,5,1),3,(44,Si,2,5,2),2,(44,Si,2,6,0),1,(37,Si,1,3,2),4,(37,Si,1,4,0),2,
/* out0476_em-eta16-phi23*/	4,(39,Si,1,3,0),4,(39,Si,1,3,2),4,(44,Si,2,5,2),6,(37,Si,1,3,2),5,
/* out0477_em-eta17-phi23*/	5,(39,Si,1,3,0),3,(39,Si,1,3,1),2,(44,Si,1,4,1),2,(44,Si,2,5,2),3,(37,Si,1,3,0),3,
/* out0478_em-eta18-phi23*/	4,(39,Si,1,3,1),1,(44,Si,1,4,1),3,(37,Si,0,2,1),1,(37,Si,1,3,0),3,
/* out0479_em-eta19-phi23*/	1,(37,Si,0,2,1),1,
/* out0480_em-eta0-phi24*/	0,
/* out0481_em-eta1-phi24*/	0,
/* out0482_em-eta2-phi24*/	0,
/* out0483_em-eta3-phi24*/	0,
/* out0484_em-eta4-phi24*/	0,
/* out0485_em-eta5-phi24*/	4,(37,Si,1,9,0),2,(37,Si,2,9,0),3,(37,Si,2,9,1),14,(37,Si,2,9,2),7,
/* out0486_em-eta6-phi24*/	5,(39,Si,1,8,0),3,(39,Si,2,8,1),2,(37,Si,1,8,1),9,(37,Si,2,8,2),12,(37,Si,2,9,2),8,
/* out0487_em-eta7-phi24*/	10,(39,Si,1,7,1),3,(39,Si,1,7,2),1,(39,Si,1,8,0),5,(39,Si,2,8,1),9,(39,Si,2,8,2),8,(37,Si,1,7,1),10,(37,Si,1,7,2),1,(37,Si,2,7,2),1,(37,Si,2,8,0),10,(37,Si,2,8,2),1,
/* out0488_em-eta8-phi24*/	10,(39,Si,1,7,0),2,(39,Si,1,7,1),12,(39,Si,2,7,2),6,(39,Si,2,8,2),1,(37,Si,1,6,1),1,(37,Si,1,6,2),2,(37,Si,1,7,0),3,(37,Si,1,7,1),5,(37,Si,2,7,0),3,(37,Si,2,7,2),5,
/* out0489_em-eta9-phi24*/	7,(39,Si,1,6,1),8,(39,Si,1,6,2),5,(39,Si,1,7,0),1,(39,Si,2,7,0),3,(37,Si,1,6,0),2,(37,Si,1,6,1),11,(37,Si,1,6,2),3,
/* out0490_em-eta10-phi24*/	8,(39,Si,1,5,2),1,(39,Si,1,6,0),8,(39,Si,1,6,1),6,(44,Si,2,7,1),1,(37,Si,1,5,1),1,(37,Si,1,5,2),5,(37,Si,1,6,0),6,(37,Si,1,6,1),2,
/* out0491_em-eta11-phi24*/	8,(39,Si,1,5,1),3,(39,Si,1,5,2),9,(44,Si,1,7,0),1,(44,Si,2,7,1),6,(44,Si,2,7,2),8,(37,Si,1,5,0),3,(37,Si,1,5,1),3,(37,Si,1,5,2),5,
/* out0492_em-eta12-phi24*/	7,(39,Si,1,5,0),9,(39,Si,1,5,1),1,(44,Si,1,6,1),3,(44,Si,2,7,0),3,(44,Si,2,7,2),7,(37,Si,1,4,2),2,(37,Si,1,5,0),7,
/* out0493_em-eta13-phi24*/	7,(39,Si,0,4,1),1,(39,Si,1,4,2),6,(39,Si,1,5,0),2,(44,Si,1,6,0),4,(44,Si,2,6,1),1,(44,Si,2,6,2),5,(37,Si,1,4,2),8,
/* out0494_em-eta14-phi24*/	7,(39,Si,1,4,0),3,(39,Si,1,4,2),4,(44,Si,1,5,1),3,(44,Si,1,6,0),1,(44,Si,2,6,2),5,(37,Si,1,4,0),6,(37,Si,1,4,2),1,
/* out0495_em-eta15-phi24*/	7,(39,Si,0,3,1),2,(39,Si,1,4,0),4,(44,Si,1,5,0),3,(44,Si,1,5,1),4,(37,Si,0,3,1),3,(37,Si,1,3,2),1,(37,Si,1,4,0),1,
/* out0496_em-eta16-phi24*/	6,(39,Si,0,3,1),3,(39,Si,1,3,0),4,(44,Si,1,5,0),6,(44,Si,2,5,2),1,(37,Si,0,3,1),2,(37,Si,1,3,2),2,
/* out0497_em-eta17-phi24*/	9,(39,Si,0,3,1),1,(39,Si,1,3,0),5,(39,Si,1,3,1),1,(44,Si,1,4,1),3,(44,Si,1,4,2),3,(37,Si,0,2,1),1,(37,Si,0,3,1),1,(37,Si,1,3,0),2,(37,Si,1,3,2),1,
/* out0498_em-eta18-phi24*/	2,(44,Si,1,4,1),4,(37,Si,0,2,1),4,
/* out0499_em-eta19-phi24*/	1,(37,Si,0,2,1),2,
/* out0500_em-eta0-phi25*/	0,
/* out0501_em-eta1-phi25*/	0,
/* out0502_em-eta2-phi25*/	0,
/* out0503_em-eta3-phi25*/	0,
/* out0504_em-eta4-phi25*/	0,
/* out0505_em-eta5-phi25*/	5,(37,Si,0,8,1),1,(37,Si,1,8,1),1,(37,Si,1,8,2),3,(37,Si,1,9,0),14,(37,Si,1,9,2),14,
/* out0506_em-eta6-phi25*/	5,(39,Si,1,8,0),2,(37,Si,0,8,1),1,(37,Si,1,8,0),10,(37,Si,1,8,1),6,(37,Si,1,8,2),12,
/* out0507_em-eta7-phi25*/	8,(39,Si,0,7,1),4,(39,Si,1,7,2),7,(39,Si,1,8,0),6,(39,Si,1,8,2),15,(37,Si,0,7,1),4,(37,Si,1,7,1),1,(37,Si,1,7,2),15,(37,Si,1,8,0),5,
/* out0508_em-eta8-phi25*/	8,(39,Si,0,6,1),1,(39,Si,0,7,1),1,(39,Si,1,7,0),10,(39,Si,1,7,1),1,(39,Si,1,7,2),8,(37,Si,0,6,1),5,(37,Si,1,6,2),2,(37,Si,1,7,0),13,
/* out0509_em-eta9-phi25*/	6,(39,Si,0,6,1),7,(39,Si,1,6,2),9,(39,Si,1,7,0),3,(37,Si,0,6,1),4,(37,Si,1,6,0),4,(37,Si,1,6,2),9,
/* out0510_em-eta10-phi25*/	6,(39,Si,0,5,1),5,(39,Si,1,6,0),8,(39,Si,1,6,2),2,(37,Si,0,5,1),8,(37,Si,1,5,2),1,(37,Si,1,6,0),4,
/* out0511_em-eta11-phi25*/	10,(39,Si,0,5,1),8,(39,Si,1,5,2),5,(44,Si,1,7,0),12,(44,Si,1,7,2),4,(44,Si,2,7,2),1,(37,Si,0,4,2),1,(37,Si,0,5,0),1,(37,Si,0,5,1),4,(37,Si,1,5,0),2,(37,Si,1,5,2),5,
/* out0512_em-eta12-phi25*/	9,(39,Si,0,4,1),4,(39,Si,0,4,2),1,(39,Si,0,5,0),1,(39,Si,1,5,0),3,(39,Si,1,5,2),1,(44,Si,1,6,1),10,(44,Si,1,7,2),2,(37,Si,0,4,1),7,(37,Si,1,5,0),2,
/* out0513_em-eta13-phi25*/	7,(39,Si,0,4,1),8,(44,Si,1,6,0),7,(44,Si,1,6,1),1,(44,Si,1,6,2),2,(37,Si,0,4,0),1,(37,Si,0,4,1),7,(37,Si,1,4,2),1,
/* out0514_em-eta14-phi25*/	12,(39,Si,0,3,1),1,(39,Si,0,3,2),1,(39,Si,0,4,0),2,(39,Si,0,4,1),2,(39,Si,1,4,0),1,(39,Si,1,4,2),1,(44,Si,1,5,1),5,(44,Si,1,6,0),3,(37,Si,0,3,1),2,(37,Si,0,3,2),2,(37,Si,0,4,0),1,(37,Si,1,4,0),1,
/* out0515_em-eta15-phi25*/	7,(39,Si,0,3,1),4,(39,Si,0,3,2),2,(44,Si,1,5,0),1,(44,Si,1,5,1),3,(44,Si,1,5,2),3,(37,Si,0,3,1),5,(37,Si,0,3,2),1,
/* out0516_em-eta16-phi25*/	6,(39,Si,0,3,0),1,(39,Si,0,3,1),4,(44,Si,1,5,0),4,(44,Si,1,5,2),2,(37,Si,0,3,0),2,(37,Si,0,3,1),3,
/* out0517_em-eta17-phi25*/	6,(39,Si,0,3,0),3,(39,Si,0,3,1),1,(44,Si,1,4,2),5,(44,Si,1,5,0),1,(37,Si,0,2,2),2,(37,Si,0,3,0),2,
/* out0518_em-eta18-phi25*/	4,(44,Si,1,4,1),3,(44,Si,1,4,2),3,(37,Si,0,2,1),2,(37,Si,0,2,2),2,
/* out0519_em-eta19-phi25*/	1,(37,Si,0,2,1),2,
/* out0520_em-eta0-phi26*/	0,
/* out0521_em-eta1-phi26*/	0,
/* out0522_em-eta2-phi26*/	0,
/* out0523_em-eta3-phi26*/	0,
/* out0524_em-eta4-phi26*/	0,
/* out0525_em-eta5-phi26*/	3,(37,Si,0,8,1),8,(37,Si,0,8,2),12,(37,Si,1,9,2),2,
/* out0526_em-eta6-phi26*/	6,(37,Si,0,7,1),3,(37,Si,0,7,2),7,(37,Si,0,8,0),12,(37,Si,0,8,1),6,(37,Si,1,8,0),1,(37,Si,1,8,2),1,
/* out0527_em-eta7-phi26*/	7,(39,Si,0,7,0),3,(39,Si,0,7,1),9,(39,Si,0,7,2),12,(39,Si,1,8,2),1,(37,Si,0,7,0),10,(37,Si,0,7,1),9,(37,Si,0,7,2),5,
/* out0528_em-eta8-phi26*/	8,(39,Si,0,6,1),2,(39,Si,0,6,2),8,(39,Si,0,7,0),9,(39,Si,0,7,1),2,(37,Si,0,6,0),1,(37,Si,0,6,1),5,(37,Si,0,6,2),12,(37,Si,0,7,0),2,
/* out0529_em-eta9-phi26*/	6,(39,Si,0,6,0),8,(39,Si,0,6,1),6,(39,Si,0,6,2),4,(37,Si,0,5,2),3,(37,Si,0,6,0),11,(37,Si,0,6,1),2,
/* out0530_em-eta10-phi26*/	6,(39,Si,0,5,1),1,(39,Si,0,5,2),10,(39,Si,0,6,0),4,(37,Si,0,5,0),2,(37,Si,0,5,1),3,(37,Si,0,5,2),9,
/* out0531_em-eta11-phi26*/	8,(39,Si,0,5,0),8,(39,Si,0,5,1),2,(39,Si,0,5,2),2,(44,Si,1,7,0),3,(44,Si,1,7,2),9,(37,Si,0,4,2),2,(37,Si,0,5,0),9,(37,Si,0,5,1),1,
/* out0532_em-eta12-phi26*/	7,(39,Si,0,4,2),7,(39,Si,0,5,0),3,(44,Si,1,6,1),2,(44,Si,1,6,2),5,(44,Si,1,7,2),1,(37,Si,0,4,1),1,(37,Si,0,4,2),9,
/* out0533_em-eta13-phi26*/	6,(39,Si,0,4,0),4,(39,Si,0,4,1),1,(39,Si,0,4,2),4,(44,Si,1,6,2),8,(37,Si,0,4,0),7,(37,Si,0,4,1),1,
/* out0534_em-eta14-phi26*/	8,(39,Si,0,3,2),1,(39,Si,0,4,0),6,(44,Si,1,5,1),1,(44,Si,1,5,2),1,(44,Si,1,6,0),1,(44,Si,1,6,2),1,(37,Si,0,3,2),4,(37,Si,0,4,0),3,
/* out0535_em-eta15-phi26*/	4,(39,Si,0,3,2),6,(44,Si,1,5,2),6,(37,Si,0,3,0),1,(37,Si,0,3,2),5,
/* out0536_em-eta16-phi26*/	4,(39,Si,0,3,0),4,(39,Si,0,3,2),2,(44,Si,1,5,2),4,(37,Si,0,3,0),5,
/* out0537_em-eta17-phi26*/	4,(39,Si,0,3,0),4,(44,Si,1,4,2),1,(37,Si,0,2,2),2,(37,Si,0,3,0),2,
/* out0538_em-eta18-phi26*/	3,(44,Si,1,4,1),1,(44,Si,1,4,2),4,(37,Si,0,2,2),5,
/* out0539_em-eta19-phi26*/	2,(37,Si,0,2,1),2,(37,Si,0,2,2),1,
/* out0540_em-eta0-phi27*/	0,
/* out0541_em-eta1-phi27*/	0,
/* out0542_em-eta2-phi27*/	0,
/* out0543_em-eta3-phi27*/	0,
/* out0544_em-eta4-phi27*/	0,
/* out0545_em-eta5-phi27*/	1,(37,Si,0,8,2),4,
/* out0546_em-eta6-phi27*/	2,(37,Si,0,7,2),1,(37,Si,0,8,0),4,
/* out0547_em-eta7-phi27*/	4,(39,Si,0,7,0),2,(39,Si,0,7,2),4,(37,Si,0,7,0),4,(37,Si,0,7,2),3,
/* out0548_em-eta8-phi27*/	4,(39,Si,0,6,2),1,(39,Si,0,7,0),2,(37,Si,0,6,0),1,(37,Si,0,6,2),4,
/* out0549_em-eta9-phi27*/	3,(39,Si,0,6,0),4,(39,Si,0,6,2),3,(37,Si,0,6,0),3,
/* out0550_em-eta10-phi27*/	3,(39,Si,0,5,2),3,(37,Si,0,5,0),1,(37,Si,0,5,2),4,
/* out0551_em-eta11-phi27*/	3,(39,Si,0,5,0),4,(39,Si,0,5,2),1,(37,Si,0,5,0),3,
/* out0552_em-eta12-phi27*/	2,(39,Si,0,4,2),2,(37,Si,0,4,2),4,
/* out0553_em-eta13-phi27*/	3,(39,Si,0,4,0),3,(39,Si,0,4,2),2,(37,Si,0,4,0),4,
/* out0554_em-eta14-phi27*/	2,(39,Si,0,4,0),1,(37,Si,0,3,2),1,
/* out0555_em-eta15-phi27*/	3,(39,Si,0,3,2),3,(37,Si,0,3,0),1,(37,Si,0,3,2),3,
/* out0556_em-eta16-phi27*/	3,(39,Si,0,3,0),3,(39,Si,0,3,2),1,(37,Si,0,3,0),3,
/* out0557_em-eta17-phi27*/	1,(39,Si,0,3,0),1,
/* out0558_em-eta18-phi27*/	1,(37,Si,0,2,2),2,
/* out0559_em-eta19-phi27*/	2,(37,Si,0,2,1),1,(37,Si,0,2,2),2
};