Board 0x64020000, Board number = 2
format module = (Layer,u,v,index_STC),fraction of 1/16
Number of Ptts = 480
Number CEH modules = 250, Number CEH scintilators = 48

/* out0000_had-eta0-phi0*/	1, (43,3,0,0), 1, 
/* out0001_had-eta1-phi0*/	1, (43,3,0,0), 5, 
/* out0002_had-eta2-phi0*/	3, (33,11,1,2), 14, (43,2,0,0), 2, (43,3,0,0), 2, 
/* out0003_had-eta3-phi0*/	3, (33,10,1,2), 10, (33,11,1,1), 12, (43,2,0,0), 4, 
/* out0004_had-eta4-phi0*/	8, (33,9,0,0), 15, (33,9,0,1), 13, (33,9,0,2), 16, (33,9,1,2), 5, (33,10,1,1), 10, (33,10,1,2), 1, (43,1,0,0), 3, (43,2,0,0), 2, 
/* out0005_had-eta5-phi0*/	9, (33,8,0,0), 10, (33,8,0,1), 11, (33,8,0,2), 16, (33,9,0,0), 1, (33,9,0,1), 3, (33,8,1,2), 1, (33,9,1,1), 8, (33,9,1,2), 4, (43,1,0,0), 4, 
/* out0006_had-eta6-phi0*/	8, (33,7,0,0), 3, (33,7,0,2), 4, (33,8,0,0), 6, (33,8,0,1), 5, (33,8,1,1), 4, (33,8,1,2), 6, (43,0,0,0), 2, (43,1,0,0), 1, 
/* out0007_had-eta7-phi0*/	6, (33,7,0,0), 13, (33,7,0,1), 3, (33,7,0,2), 12, (33,7,1,2), 3, (33,8,1,1), 1, (43,0,0,0), 3, 
/* out0008_had-eta8-phi0*/	9, (33,6,0,0), 7, (33,6,0,2), 5, (33,7,0,1), 13, (33,7,1,1), 3, (33,7,1,2), 1, (40,7,1,0), 1, (40,7,1,2), 10, (41,7,0,1), 3, (43,0,0,0), 2, 
/* out0009_had-eta9-phi0*/	11, (33,5,0,2), 10, (33,6,0,0), 9, (33,6,0,1), 5, (33,6,0,2), 11, (33,6,1,2), 2, (40,7,1,0), 6, (40,7,1,1), 7, (40,7,1,2), 6, (41,6,0,2), 4, (41,7,0,1), 9, (43,0,0,0), 1, 
/* out0010_had-eta10-phi0*/	9, (33,5,0,0), 7, (33,5,0,2), 5, (33,6,0,1), 11, (33,6,1,1), 1, (40,6,1,0), 1, (40,6,1,2), 12, (40,7,1,1), 6, (41,6,0,1), 6, (41,6,0,2), 7, 
/* out0011_had-eta11-phi0*/	9, (33,5,1,11), 1, (33,5,0,0), 7, (33,5,0,1), 3, (33,5,0,2), 1, (40,6,1,0), 3, (40,6,1,1), 8, (40,6,1,2), 3, (41,5,0,2), 3, (41,6,0,1), 4, 
/* out0012_had-eta12-phi0*/	11, (33,4,0,3), 10, (33,4,0,8), 16, (33,4,0,9), 16, (33,4,0,10), 2, (33,5,1,5), 2, (33,5,1,11), 2, (33,5,0,1), 13, (40,5,1,2), 7, (40,6,1,1), 5, (41,5,0,1), 4, (41,5,0,2), 5, 
/* out0013_had-eta13-phi0*/	11, (33,4,0,0), 1, (33,4,0,1), 3, (33,4,0,2), 15, (33,4,0,3), 5, (33,4,0,6), 2, (33,4,0,10), 14, (40,5,1,0), 1, (40,5,1,1), 4, (40,5,1,2), 5, (41,4,0,2), 1, (41,5,0,1), 3, 
/* out0014_had-eta14-phi0*/	7, (33,4,0,1), 8, (33,4,0,2), 1, (33,4,0,6), 14, (33,4,0,7), 12, (40,4,1,2), 1, (40,5,1,1), 7, (41,4,0,2), 5, 
/* out0015_had-eta15-phi0*/	9, (33,3,0,3), 5, (33,3,0,8), 16, (33,3,0,9), 16, (33,3,0,10), 12, (33,4,0,4), 16, (33,4,0,7), 4, (40,4,1,2), 7, (41,4,0,1), 4, (41,4,0,2), 1, 
/* out0016_had-eta16-phi0*/	7, (33,3,0,2), 11, (33,3,0,3), 2, (33,3,0,6), 1, (33,3,0,10), 4, (40,4,1,1), 4, (40,4,1,2), 3, (41,4,0,1), 1, 
/* out0017_had-eta17-phi0*/	6, (33,3,0,1), 3, (33,3,0,2), 5, (33,3,0,6), 15, (33,3,0,7), 5, (40,4,1,1), 5, (41,3,0,1), 2, 
/* out0018_had-eta18-phi0*/	6, (33,2,0,3), 16, (33,2,0,4), 2, (33,3,0,4), 16, (33,3,0,7), 10, (40,4,1,1), 1, (41,3,0,1), 1, 
/* out0019_had-eta19-phi0*/	4, (33,2,0,1), 16, (33,2,0,2), 1, (33,2,0,4), 12, (33,2,0,5), 16, 
/* out0020_had-eta0-phi1*/	1, (43,3,0,0), 1, 
/* out0021_had-eta1-phi1*/	1, (43,3,0,0), 5, 
/* out0022_had-eta2-phi1*/	7, (33,11,1,0), 10, (33,11,1,2), 2, (33,11,2,2), 3, (33,12,2,0), 3, (33,12,2,1), 15, (43,2,0,0), 2, (43,3,0,0), 2, 
/* out0023_had-eta3-phi1*/	8, (33,10,1,0), 8, (33,10,1,2), 5, (33,11,1,0), 6, (33,11,1,1), 4, (33,10,2,2), 1, (33,11,2,1), 12, (33,11,2,2), 11, (43,2,0,0), 4, 
/* out0024_had-eta4-phi1*/	8, (33,9,1,0), 5, (33,9,1,2), 5, (33,10,1,0), 8, (33,10,1,1), 6, (33,10,2,1), 6, (33,10,2,2), 8, (43,1,0,0), 3, (43,2,0,0), 2, 
/* out0025_had-eta5-phi1*/	8, (33,8,1,0), 1, (33,8,1,2), 3, (33,9,1,0), 11, (33,9,1,1), 8, (33,9,1,2), 2, (33,9,2,1), 2, (33,9,2,2), 4, (43,1,0,0), 4, 
/* out0026_had-eta6-phi1*/	6, (33,8,1,0), 13, (33,8,1,1), 6, (33,8,1,2), 6, (33,9,2,1), 1, (43,0,0,0), 2, (43,1,0,0), 1, 
/* out0027_had-eta7-phi1*/	5, (33,7,1,0), 4, (33,7,1,2), 11, (33,8,1,0), 1, (33,8,1,1), 5, (43,0,0,0), 3, 
/* out0028_had-eta8-phi1*/	9, (33,6,1,2), 1, (33,7,1,0), 3, (33,7,1,1), 13, (33,7,1,2), 1, (40,8,2,1), 9, (40,7,1,0), 1, (41,7,1,2), 1, (41,7,0,0), 8, (43,0,0,0), 2, 
/* out0029_had-eta9-phi1*/	13, (33,6,1,0), 1, (33,6,1,1), 1, (33,6,1,2), 13, (40,7,2,2), 7, (40,8,2,1), 4, (40,7,1,0), 7, (41,7,1,1), 3, (41,7,1,2), 4, (41,6,0,0), 2, (41,6,0,2), 3, (41,7,0,0), 8, (41,7,0,1), 4, (43,0,0,0), 1, 
/* out0030_had-eta10-phi1*/	12, (33,5,1,8), 1, (33,5,0,0), 1, (33,6,1,1), 11, (40,7,2,1), 7, (40,7,2,2), 3, (40,6,1,0), 4, (40,6,1,2), 1, (40,7,1,0), 1, (40,7,1,1), 3, (41,6,0,0), 12, (41,6,0,1), 2, (41,6,0,2), 2, 
/* out0031_had-eta11-phi1*/	14, (33,5,1,8), 15, (33,5,1,9), 3, (33,5,1,10), 7, (33,5,1,11), 10, (33,5,0,0), 1, (40,6,2,2), 4, (40,7,2,1), 1, (40,6,1,0), 8, (40,6,1,1), 2, (41,6,1,2), 1, (41,5,0,0), 2, (41,5,0,2), 5, (41,6,0,0), 1, (41,6,0,1), 4, 
/* out0032_had-eta12-phi1*/	15, (33,4,0,0), 1, (33,4,0,3), 1, (33,5,1,4), 5, (33,5,1,5), 14, (33,5,1,6), 7, (33,5,1,10), 2, (33,5,1,11), 3, (40,6,2,1), 3, (40,6,2,2), 2, (40,5,1,0), 3, (40,5,1,2), 2, (40,6,1,1), 1, (41,5,0,0), 6, (41,5,0,1), 3, (41,5,0,2), 3, 
/* out0033_had-eta13-phi1*/	10, (33,4,0,0), 13, (33,4,0,1), 1, (33,4,1,8), 7, (33,5,1,4), 7, (40,5,1,0), 9, (40,5,1,1), 2, (40,5,1,2), 2, (41,4,0,2), 3, (41,5,0,0), 1, (41,5,0,1), 6, 
/* out0034_had-eta14-phi1*/	11, (33,4,0,0), 1, (33,4,0,1), 4, (33,4,1,5), 1, (33,4,1,8), 3, (33,4,1,11), 15, (40,5,2,2), 1, (40,4,1,2), 1, (40,5,1,0), 3, (40,5,1,1), 3, (41,4,0,0), 1, (41,4,0,2), 6, 
/* out0035_had-eta15-phi1*/	8, (33,3,0,0), 1, (33,3,0,3), 6, (33,4,1,4), 2, (33,4,1,5), 12, (40,4,1,0), 4, (40,4,1,2), 3, (41,4,0,0), 1, (41,4,0,1), 6, 
/* out0036_had-eta16-phi1*/	9, (33,3,0,0), 11, (33,3,0,1), 1, (33,3,0,3), 3, (33,4,1,4), 1, (40,4,1,0), 5, (40,4,1,1), 1, (40,4,1,2), 1, (41,3,0,1), 3, (41,4,0,1), 3, 
/* out0037_had-eta17-phi1*/	7, (33,3,0,0), 3, (33,3,0,1), 8, (33,3,1,8), 1, (33,3,1,11), 1, (40,4,1,0), 1, (40,4,1,1), 4, (41,3,0,1), 5, 
/* out0038_had-eta18-phi1*/	7, (33,2,0,2), 5, (33,2,0,4), 1, (33,3,0,1), 4, (33,3,0,7), 1, (33,3,1,5), 2, (33,3,1,11), 4, (41,3,0,1), 1, 
/* out0039_had-eta19-phi1*/	3, (33,2,0,2), 9, (33,2,0,4), 1, (33,3,1,5), 1, 
/* out0040_had-eta0-phi2*/	1, (43,3,1,0), 1, 
/* out0041_had-eta1-phi2*/	1, (43,3,1,0), 5, 
/* out0042_had-eta2-phi2*/	9, (33,11,2,0), 1, (33,11,2,2), 1, (33,12,2,0), 13, (33,12,2,1), 1, (33,12,3,0), 5, (33,12,3,1), 9, (33,12,3,2), 16, (43,2,1,0), 2, (43,3,1,0), 2, 
/* out0043_had-eta3-phi2*/	9, (33,10,2,0), 1, (33,10,2,2), 2, (33,11,2,0), 15, (33,11,2,1), 4, (33,11,2,2), 1, (33,11,3,1), 6, (33,11,3,2), 12, (33,12,3,1), 6, (43,2,1,0), 4, 
/* out0044_had-eta4-phi2*/	8, (33,10,2,0), 15, (33,10,2,1), 9, (33,10,2,2), 5, (33,10,3,1), 1, (33,10,3,2), 5, (33,11,3,1), 3, (43,1,1,0), 3, (43,2,1,0), 2, 
/* out0045_had-eta5-phi2*/	6, (33,9,2,0), 12, (33,9,2,1), 5, (33,9,2,2), 12, (33,10,2,1), 1, (33,10,3,1), 1, (43,1,1,0), 4, 
/* out0046_had-eta6-phi2*/	7, (33,8,1,0), 1, (33,8,2,0), 2, (33,8,2,2), 14, (33,9,2,0), 1, (33,9,2,1), 8, (43,0,1,0), 2, (43,1,1,0), 1, 
/* out0047_had-eta7-phi2*/	6, (33,7,1,0), 4, (33,7,2,2), 2, (33,8,2,0), 1, (33,8,2,1), 13, (33,8,2,2), 2, (43,0,1,0), 3, 
/* out0048_had-eta8-phi2*/	9, (33,7,1,0), 5, (33,7,2,1), 3, (33,7,2,2), 9, (40,8,3,2), 6, (40,8,2,0), 15, (40,8,2,1), 1, (41,7,1,0), 2, (41,7,1,2), 6, (43,0,1,0), 2, 
/* out0049_had-eta9-phi2*/	13, (33,6,1,0), 10, (33,6,2,2), 1, (33,7,2,1), 4, (40,8,3,1), 3, (40,8,3,2), 2, (40,7,2,0), 7, (40,7,2,2), 5, (40,8,2,0), 1, (40,8,2,1), 2, (41,7,1,0), 6, (41,7,1,1), 8, (41,7,1,2), 5, (43,0,1,0), 1, 
/* out0050_had-eta10-phi2*/	12, (33,5,1,3), 1, (33,5,1,9), 4, (33,6,1,0), 5, (33,6,1,1), 3, (33,6,2,1), 1, (33,6,2,2), 2, (40,7,2,0), 7, (40,7,2,1), 7, (40,7,2,2), 1, (41,6,1,2), 11, (41,7,1,1), 4, (41,6,0,0), 1, 
/* out0051_had-eta11-phi2*/	11, (33,5,1,0), 1, (33,5,1,2), 9, (33,5,1,3), 15, (33,5,1,9), 9, (33,5,1,10), 6, (40,6,2,0), 3, (40,6,2,2), 9, (40,7,2,1), 1, (41,6,1,1), 9, (41,6,1,2), 3, (41,5,0,0), 1, 
/* out0052_had-eta12-phi2*/	12, (33,5,1,1), 7, (33,5,1,2), 7, (33,5,1,4), 1, (33,5,1,6), 9, (33,5,1,7), 10, (33,5,1,10), 1, (40,6,2,0), 1, (40,6,2,1), 8, (40,6,2,2), 1, (41,5,1,2), 4, (41,6,1,1), 2, (41,5,0,0), 5, 
/* out0053_had-eta13-phi2*/	11, (33,4,1,8), 6, (33,4,1,9), 13, (33,4,1,10), 1, (33,5,1,4), 3, (33,5,1,7), 5, (40,5,2,2), 6, (40,6,2,1), 3, (41,5,1,1), 3, (41,5,1,2), 3, (41,4,0,0), 1, (41,5,0,0), 1, 
/* out0054_had-eta14-phi2*/	9, (33,4,1,2), 3, (33,4,1,6), 4, (33,4,1,9), 1, (33,4,1,10), 15, (33,4,1,11), 1, (40,5,2,1), 3, (40,5,2,2), 5, (41,5,1,1), 1, (41,4,0,0), 7, 
/* out0055_had-eta15-phi2*/	8, (33,4,1,4), 4, (33,4,1,5), 3, (33,4,1,6), 9, (33,4,1,7), 3, (40,5,2,1), 5, (40,4,1,0), 2, (41,4,0,0), 5, (41,4,0,1), 1, 
/* out0056_had-eta16-phi2*/	8, (33,3,0,0), 1, (33,3,1,8), 7, (33,4,1,4), 8, (40,4,2,2), 2, (40,4,1,0), 3, (41,3,0,0), 2, (41,3,0,1), 2, (41,4,0,1), 1, 
/* out0057_had-eta17-phi2*/	9, (33,3,1,8), 7, (33,3,1,10), 1, (33,3,1,11), 6, (40,4,2,1), 1, (40,4,2,2), 2, (40,4,1,0), 1, (40,4,1,1), 1, (41,3,0,0), 6, (41,3,0,1), 2, 
/* out0058_had-eta18-phi2*/	4, (33,3,1,5), 4, (33,3,1,6), 1, (33,3,1,10), 2, (33,3,1,11), 5, 
/* out0059_had-eta19-phi2*/	4, (33,2,0,0), 16, (33,2,0,2), 1, (33,3,1,4), 2, (33,3,1,5), 7, 
/* out0060_had-eta0-phi3*/	1, (43,3,1,0), 1, 
/* out0061_had-eta1-phi3*/	1, (43,3,1,0), 5, 
/* out0062_had-eta2-phi3*/	7, (33,12,3,0), 10, (33,12,4,0), 4, (33,12,4,1), 1, (33,12,4,2), 15, (33,13,5,2), 3, (43,2,1,0), 2, (43,3,1,0), 2, 
/* out0063_had-eta3-phi3*/	9, (33,11,3,0), 16, (33,11,3,1), 3, (33,11,3,2), 4, (33,12,3,0), 1, (33,12,3,1), 1, (33,11,4,2), 9, (33,12,4,1), 13, (33,12,4,2), 1, (43,2,1,0), 4, 
/* out0064_had-eta4-phi3*/	8, (33,10,3,0), 14, (33,10,3,1), 4, (33,10,3,2), 11, (33,11,3,1), 4, (33,11,4,1), 4, (33,11,4,2), 1, (43,1,1,0), 3, (43,2,1,0), 2, 
/* out0065_had-eta5-phi3*/	6, (33,9,2,0), 3, (33,9,3,0), 3, (33,9,3,2), 14, (33,10,3,0), 1, (33,10,3,1), 10, (43,1,1,0), 4, 
/* out0066_had-eta6-phi3*/	6, (33,8,2,0), 7, (33,8,3,2), 2, (33,9,3,1), 13, (33,9,3,2), 2, (43,0,1,0), 2, (43,1,1,0), 1, 
/* out0067_had-eta7-phi3*/	7, (33,7,2,0), 2, (33,7,2,2), 2, (33,8,2,0), 6, (33,8,2,1), 3, (33,8,3,1), 4, (33,8,3,2), 6, (43,0,1,0), 3, 
/* out0068_had-eta8-phi3*/	7, (33,7,2,0), 11, (33,7,2,1), 3, (33,7,2,2), 3, (40,8,3,0), 7, (40,8,3,2), 8, (41,7,1,0), 1, (43,0,1,0), 2, 
/* out0069_had-eta9-phi3*/	10, (33,6,2,2), 7, (33,7,2,0), 1, (33,7,2,1), 6, (40,7,3,2), 3, (40,8,3,0), 3, (40,8,3,1), 13, (40,7,2,0), 1, (41,7,1,0), 7, (41,7,2,2), 11, (43,0,1,0), 1, 
/* out0070_had-eta10-phi3*/	10, (33,6,2,0), 1, (33,6,2,1), 5, (33,6,2,2), 6, (40,7,3,1), 3, (40,7,3,2), 11, (40,7,2,0), 1, (41,6,1,0), 8, (41,6,1,2), 1, (41,7,1,1), 1, (41,7,2,1), 6, 
/* out0071_had-eta11-phi3*/	9, (33,5,1,0), 11, (33,5,2,8), 7, (33,6,2,1), 6, (40,6,3,2), 1, (40,7,3,1), 6, (40,6,2,0), 6, (41,6,1,0), 8, (41,6,1,1), 4, (41,6,2,2), 1, 
/* out0072_had-eta12-phi3*/	11, (33,5,1,0), 4, (33,5,1,1), 9, (33,5,2,5), 1, (33,5,2,8), 6, (33,5,2,11), 15, (40,6,3,2), 3, (40,6,2,0), 6, (40,6,2,1), 1, (41,5,1,0), 3, (41,5,1,2), 7, (41,6,1,1), 1, 
/* out0073_had-eta13-phi3*/	13, (33,4,1,0), 2, (33,4,1,3), 12, (33,4,1,9), 2, (33,5,1,7), 1, (33,5,2,4), 1, (33,5,2,5), 10, (40,6,3,1), 1, (40,5,2,0), 4, (40,5,2,2), 3, (40,6,2,1), 1, (41,5,1,0), 2, (41,5,1,1), 6, (41,5,1,2), 2, 
/* out0074_had-eta14-phi3*/	10, (33,4,1,0), 5, (33,4,1,1), 4, (33,4,1,2), 11, (33,4,1,3), 4, (40,5,2,0), 5, (40,5,2,1), 2, (40,5,2,2), 1, (41,4,1,2), 3, (41,5,1,1), 4, (41,4,0,0), 1, 
/* out0075_had-eta15-phi3*/	7, (33,4,1,1), 7, (33,4,1,2), 2, (33,4,1,6), 3, (33,4,1,7), 9, (40,4,2,2), 1, (40,5,2,1), 5, (41,4,1,2), 6, 
/* out0076_had-eta16-phi3*/	7, (33,3,1,8), 1, (33,3,1,9), 11, (33,4,1,4), 1, (33,4,1,7), 4, (40,4,2,2), 5, (41,4,1,1), 4, (41,3,0,0), 2, 
/* out0077_had-eta17-phi3*/	7, (33,3,1,2), 1, (33,3,1,9), 3, (33,3,1,10), 10, (40,4,2,1), 4, (40,4,2,2), 3, (41,4,1,1), 1, (41,3,0,0), 6, 
/* out0078_had-eta18-phi3*/	4, (33,3,1,2), 1, (33,3,1,6), 8, (33,3,1,10), 3, (40,4,2,1), 2, 
/* out0079_had-eta19-phi3*/	4, (33,3,1,4), 4, (33,3,1,5), 2, (33,3,1,6), 3, (33,3,1,7), 2, 
/* out0080_had-eta0-phi4*/	1, (43,3,2,0), 1, 
/* out0081_had-eta1-phi4*/	1, (43,3,2,0), 5, 
/* out0082_had-eta2-phi4*/	8, (33,12,4,0), 9, (33,12,5,0), 2, (33,12,5,2), 11, (33,13,5,0), 16, (33,13,5,1), 16, (33,13,5,2), 13, (43,2,2,0), 2, (43,3,2,0), 2, 
/* out0083_had-eta3-phi4*/	10, (33,11,4,0), 13, (33,11,4,1), 1, (33,11,4,2), 6, (33,11,5,2), 3, (33,12,4,0), 3, (33,12,4,1), 2, (33,12,5,0), 1, (33,12,5,1), 11, (33,12,5,2), 5, (43,2,2,0), 4, 
/* out0084_had-eta4-phi4*/	9, (33,10,3,0), 1, (33,10,4,0), 7, (33,10,4,2), 13, (33,11,4,0), 3, (33,11,4,1), 11, (33,11,5,1), 1, (33,11,5,2), 2, (43,1,2,0), 3, (43,2,2,0), 2, 
/* out0085_had-eta5-phi4*/	6, (33,9,3,0), 8, (33,9,4,2), 5, (33,10,4,0), 1, (33,10,4,1), 14, (33,10,4,2), 3, (43,1,2,0), 4, 
/* out0086_had-eta6-phi4*/	8, (33,8,3,0), 4, (33,8,3,2), 4, (33,9,3,0), 5, (33,9,3,1), 3, (33,9,4,1), 4, (33,9,4,2), 5, (43,0,2,0), 2, (43,1,2,0), 1, 
/* out0087_had-eta7-phi4*/	4, (33,8,3,0), 9, (33,8,3,1), 9, (33,8,3,2), 4, (43,0,2,0), 3, 
/* out0088_had-eta8-phi4*/	8, (33,7,2,0), 2, (33,7,3,2), 13, (33,8,3,1), 3, (40,8,3,0), 3, (40,8,4,2), 6, (41,7,2,0), 1, (41,7,2,2), 1, (43,0,2,0), 2, 
/* out0089_had-eta9-phi4*/	12, (33,6,2,0), 5, (33,7,3,1), 8, (33,7,3,2), 2, (40,7,3,0), 2, (40,7,3,2), 1, (40,8,3,0), 3, (40,8,4,1), 6, (40,8,4,2), 8, (41,7,2,0), 12, (41,7,2,1), 1, (41,7,2,2), 4, (43,0,2,0), 1, 
/* out0090_had-eta10-phi4*/	9, (33,6,2,0), 10, (33,6,2,1), 1, (33,6,3,2), 1, (40,7,3,0), 13, (40,7,3,1), 2, (40,7,3,2), 1, (41,6,2,2), 6, (41,7,2,0), 2, (41,7,2,1), 9, 
/* out0091_had-eta11-phi4*/	11, (33,5,2,3), 6, (33,5,2,8), 3, (33,5,2,9), 15, (33,5,2,10), 1, (33,6,2,1), 3, (40,6,3,0), 1, (40,6,3,2), 6, (40,7,3,0), 1, (40,7,3,1), 5, (41,6,2,1), 4, (41,6,2,2), 9, 
/* out0092_had-eta12-phi4*/	11, (33,5,2,2), 8, (33,5,2,6), 8, (33,5,2,9), 1, (33,5,2,10), 15, (33,5,2,11), 1, (40,6,3,0), 1, (40,6,3,1), 3, (40,6,3,2), 6, (41,5,1,0), 5, (41,6,2,1), 6, (41,5,2,2), 1, 
/* out0093_had-eta13-phi4*/	9, (33,5,2,4), 13, (33,5,2,5), 5, (33,5,2,6), 6, (33,5,2,7), 3, (40,6,3,1), 7, (40,5,2,0), 2, (41,5,1,0), 6, (41,5,1,1), 1, (41,5,2,2), 2, 
/* out0094_had-eta14-phi4*/	9, (33,4,1,0), 9, (33,5,2,4), 1, (33,4,2,8), 10, (33,4,2,11), 1, (40,5,3,2), 3, (40,5,2,0), 4, (41,4,1,0), 2, (41,4,1,2), 4, (41,5,1,1), 1, 
/* out0095_had-eta15-phi4*/	12, (33,4,1,1), 5, (33,4,2,5), 2, (33,4,2,11), 11, (40,5,3,1), 1, (40,5,3,2), 1, (40,4,2,0), 1, (40,4,2,2), 1, (40,5,2,0), 1, (40,5,2,1), 1, (41,4,1,0), 3, (41,4,1,1), 1, (41,4,1,2), 3, 
/* out0096_had-eta16-phi4*/	6, (33,3,1,3), 10, (33,3,1,9), 2, (33,4,2,5), 4, (40,4,2,0), 4, (40,4,2,2), 2, (41,4,1,1), 5, 
/* out0097_had-eta17-phi4*/	5, (33,3,1,2), 7, (33,3,1,3), 6, (40,4,2,0), 2, (40,4,2,1), 3, (41,4,1,1), 2, 
/* out0098_had-eta18-phi4*/	4, (33,3,1,1), 2, (33,3,1,2), 7, (33,3,1,6), 3, (40,4,2,1), 4, 
/* out0099_had-eta19-phi4*/	3, (33,3,1,4), 10, (33,3,1,6), 1, (33,3,1,7), 9, 
/* out0100_had-eta0-phi5*/	1, (43,3,2,0), 1, 
/* out0101_had-eta1-phi5*/	1, (43,3,2,0), 5, 
/* out0102_had-eta2-phi5*/	4, (33,12,5,0), 7, (33,12,6,2), 6, (43,2,2,0), 2, (43,3,2,0), 2, 
/* out0103_had-eta3-phi5*/	7, (33,11,5,0), 11, (33,11,5,2), 9, (33,12,5,0), 6, (33,12,5,1), 5, (33,12,6,1), 8, (33,12,6,2), 10, (43,2,2,0), 4, 
/* out0104_had-eta4-phi5*/	7, (33,10,4,0), 5, (33,11,5,0), 5, (33,11,5,1), 15, (33,11,5,2), 2, (33,10,5,2), 11, (43,1,2,0), 3, (43,2,2,0), 2, 
/* out0105_had-eta5-phi5*/	7, (33,9,4,0), 8, (33,9,4,2), 4, (33,10,4,0), 3, (33,10,4,1), 2, (33,10,5,1), 8, (33,10,5,2), 5, (43,1,2,0), 4, 
/* out0106_had-eta6-phi5*/	6, (33,9,4,0), 8, (33,9,4,1), 12, (33,9,4,2), 2, (33,8,4,2), 4, (43,0,2,0), 2, (43,1,2,0), 1, 
/* out0107_had-eta7-phi5*/	4, (33,8,3,0), 3, (33,8,4,1), 5, (33,8,4,2), 12, (43,0,2,0), 3, 
/* out0108_had-eta8-phi5*/	6, (33,7,3,0), 13, (33,7,3,2), 1, (33,8,4,1), 3, (40,8,4,0), 6, (40,8,4,2), 1, (43,0,2,0), 2, 
/* out0109_had-eta9-phi5*/	10, (33,7,3,0), 3, (33,7,3,1), 8, (33,6,3,2), 3, (40,7,4,2), 1, (40,8,4,0), 10, (40,8,4,1), 9, (40,8,4,2), 1, (41,7,2,0), 1, (41,7,3,2), 13, (43,0,2,0), 1, 
/* out0110_had-eta10-phi5*/	7, (33,6,3,1), 1, (33,6,3,2), 11, (40,7,4,2), 13, (40,8,4,1), 1, (41,6,2,0), 5, (41,7,3,1), 8, (41,7,3,2), 3, 
/* out0111_had-eta11-phi5*/	9, (33,5,2,0), 5, (33,5,2,3), 8, (33,6,3,1), 6, (33,6,3,2), 1, (40,7,4,1), 7, (40,7,4,2), 1, (40,6,3,0), 4, (41,6,2,0), 11, (41,6,2,1), 2, 
/* out0112_had-eta12-phi5*/	9, (33,5,2,0), 11, (33,5,2,1), 11, (33,5,2,2), 8, (33,5,2,3), 2, (33,5,2,6), 1, (40,6,3,0), 9, (40,6,3,1), 1, (41,6,2,1), 4, (41,5,2,2), 6, 
/* out0113_had-eta13-phi5*/	11, (33,5,2,1), 5, (33,5,2,4), 1, (33,5,2,6), 1, (33,5,2,7), 13, (33,4,2,8), 1, (33,4,2,9), 6, (40,5,3,2), 4, (40,6,3,0), 1, (40,6,3,1), 4, (41,5,2,1), 2, (41,5,2,2), 7, 
/* out0114_had-eta14-phi5*/	7, (33,4,2,8), 5, (33,4,2,9), 9, (33,4,2,10), 8, (33,4,2,11), 1, (40,5,3,2), 7, (41,4,1,0), 3, (41,5,2,1), 5, 
/* out0115_had-eta15-phi5*/	7, (33,4,2,5), 3, (33,4,2,6), 7, (33,4,2,10), 7, (33,4,2,11), 3, (40,5,3,1), 6, (40,5,3,2), 1, (41,4,1,0), 6, 
/* out0116_had-eta16-phi5*/	7, (33,3,1,0), 2, (33,4,2,4), 7, (33,4,2,5), 7, (40,5,3,1), 1, (40,4,2,0), 4, (41,4,1,0), 2, (41,4,1,1), 3, 
/* out0117_had-eta17-phi5*/	3, (33,3,1,0), 12, (33,3,1,1), 1, (40,4,2,0), 4, 
/* out0118_had-eta18-phi5*/	4, (33,3,1,0), 2, (33,3,1,1), 9, (40,4,2,0), 1, (40,4,2,1), 2, 
/* out0119_had-eta19-phi5*/	2, (33,3,1,1), 4, (33,3,1,7), 5, 
/* out0120_had-eta0-phi6*/	1, (43,3,3,0), 1, 
/* out0121_had-eta1-phi6*/	1, (43,3,3,0), 5, 
/* out0122_had-eta2-phi6*/	4, (33,12,6,0), 6, (33,12,7,2), 7, (43,2,3,0), 2, (43,3,3,0), 2, 
/* out0123_had-eta3-phi6*/	7, (33,11,6,0), 9, (33,11,6,2), 11, (33,12,6,0), 10, (33,12,6,1), 8, (33,12,7,1), 4, (33,12,7,2), 6, (43,2,3,0), 4, 
/* out0124_had-eta4-phi6*/	7, (33,10,5,0), 11, (33,11,6,0), 2, (33,11,6,1), 15, (33,11,6,2), 5, (33,10,6,2), 5, (43,1,3,0), 3, (43,2,3,0), 2, 
/* out0125_had-eta5-phi6*/	7, (33,10,5,0), 5, (33,10,5,1), 8, (33,9,5,0), 4, (33,9,5,2), 8, (33,10,6,1), 2, (33,10,6,2), 3, (43,1,3,0), 4, 
/* out0126_had-eta6-phi6*/	6, (33,8,4,0), 4, (33,9,5,0), 2, (33,9,5,1), 12, (33,9,5,2), 8, (43,0,3,0), 2, (43,1,3,0), 1, 
/* out0127_had-eta7-phi6*/	4, (33,8,4,0), 12, (33,8,4,1), 5, (33,8,5,2), 3, (43,0,3,0), 3, 
/* out0128_had-eta8-phi6*/	6, (33,8,4,1), 3, (33,7,4,0), 1, (33,7,4,2), 13, (40,8,5,0), 1, (40,8,5,2), 6, (43,0,3,0), 2, 
/* out0129_had-eta9-phi6*/	10, (33,6,3,0), 4, (33,7,4,1), 8, (33,7,4,2), 3, (40,7,4,0), 1, (40,8,5,0), 1, (40,8,5,1), 9, (40,8,5,2), 10, (41,7,3,0), 13, (41,7,4,2), 1, (43,0,3,0), 1, 
/* out0130_had-eta10-phi6*/	9, (33,6,3,0), 11, (33,6,3,1), 2, (40,7,4,0), 14, (40,7,4,1), 1, (40,7,4,2), 1, (40,8,5,1), 1, (41,6,3,2), 5, (41,7,3,0), 3, (41,7,3,1), 8, 
/* out0131_had-eta11-phi6*/	8, (33,5,3,8), 5, (33,5,3,9), 8, (33,6,3,1), 7, (40,6,4,2), 4, (40,7,4,0), 1, (40,7,4,1), 8, (41,6,3,1), 2, (41,6,3,2), 11, 
/* out0132_had-eta12-phi6*/	9, (33,5,3,6), 1, (33,5,3,8), 11, (33,5,3,9), 2, (33,5,3,10), 8, (33,5,3,11), 11, (40,6,4,1), 1, (40,6,4,2), 9, (41,5,2,0), 6, (41,6,3,1), 4, 
/* out0133_had-eta13-phi6*/	12, (33,4,2,0), 1, (33,4,2,3), 7, (33,4,2,9), 1, (33,5,3,4), 1, (33,5,3,5), 13, (33,5,3,6), 1, (33,5,3,11), 5, (40,5,3,0), 4, (40,6,4,1), 4, (40,6,4,2), 1, (41,5,2,0), 7, (41,5,2,1), 3, 
/* out0134_had-eta14-phi6*/	8, (33,4,2,0), 3, (33,4,2,1), 1, (33,4,2,2), 9, (33,4,2,3), 9, (33,4,2,10), 1, (40,5,3,0), 7, (41,4,2,2), 3, (41,5,2,1), 5, 
/* out0135_had-eta15-phi6*/	7, (33,4,2,1), 2, (33,4,2,2), 7, (33,4,2,6), 8, (33,4,2,7), 3, (40,5,3,0), 1, (40,5,3,1), 6, (41,4,2,2), 6, 
/* out0136_had-eta16-phi6*/	8, (33,4,2,4), 8, (33,4,2,6), 1, (33,4,2,7), 6, (33,3,2,8), 2, (40,4,3,2), 4, (40,5,3,1), 1, (41,4,2,1), 3, (41,4,2,2), 2, 
/* out0137_had-eta17-phi6*/	4, (33,4,2,4), 1, (33,3,2,8), 12, (33,3,2,11), 1, (40,4,3,2), 4, 
/* out0138_had-eta18-phi6*/	4, (33,3,2,8), 2, (33,3,2,11), 9, (40,4,3,1), 2, (40,4,3,2), 1, 
/* out0139_had-eta19-phi6*/	2, (33,3,2,5), 5, (33,3,2,11), 4, 
/* out0140_had-eta0-phi7*/	1, (43,3,3,0), 1, 
/* out0141_had-eta1-phi7*/	1, (43,3,3,0), 5, 
/* out0142_had-eta2-phi7*/	8, (33,12,7,0), 11, (33,12,7,2), 2, (33,13,8,0), 13, (33,13,8,1), 16, (33,13,8,2), 16, (33,12,8,2), 9, (43,2,3,0), 2, (43,3,3,0), 2, 
/* out0143_had-eta3-phi7*/	10, (33,11,6,0), 3, (33,12,7,0), 5, (33,12,7,1), 12, (33,12,7,2), 1, (33,11,7,0), 6, (33,11,7,1), 1, (33,11,7,2), 13, (33,12,8,1), 2, (33,12,8,2), 3, (43,2,3,0), 4, 
/* out0144_had-eta4-phi7*/	9, (33,11,6,0), 2, (33,11,6,1), 1, (33,10,6,0), 13, (33,10,6,2), 7, (33,11,7,1), 11, (33,11,7,2), 3, (33,10,7,2), 1, (43,1,3,0), 3, (43,2,3,0), 2, 
/* out0145_had-eta5-phi7*/	6, (33,9,5,0), 5, (33,10,6,0), 3, (33,10,6,1), 14, (33,10,6,2), 1, (33,9,6,2), 8, (43,1,3,0), 4, 
/* out0146_had-eta6-phi7*/	8, (33,9,5,0), 5, (33,9,5,1), 4, (33,8,5,0), 4, (33,8,5,2), 4, (33,9,6,1), 3, (33,9,6,2), 5, (43,0,3,0), 2, (43,1,3,0), 1, 
/* out0147_had-eta7-phi7*/	4, (33,8,5,0), 4, (33,8,5,1), 9, (33,8,5,2), 9, (43,0,3,0), 3, 
/* out0148_had-eta8-phi7*/	8, (33,7,5,2), 2, (33,7,4,0), 13, (33,8,5,1), 3, (40,8,5,0), 6, (40,8,6,2), 3, (41,7,4,0), 1, (41,7,4,2), 1, (43,0,3,0), 2, 
/* out0149_had-eta9-phi7*/	12, (33,6,4,2), 5, (33,7,4,0), 2, (33,7,4,1), 8, (40,7,5,0), 1, (40,7,5,2), 2, (40,8,5,0), 8, (40,8,5,1), 6, (40,8,6,2), 3, (41,7,4,0), 4, (41,7,4,1), 1, (41,7,4,2), 12, (43,0,3,0), 1, 
/* out0150_had-eta10-phi7*/	9, (33,6,4,1), 1, (33,6,4,2), 10, (33,6,3,0), 1, (40,7,5,0), 1, (40,7,5,1), 2, (40,7,5,2), 13, (41,6,3,0), 6, (41,7,4,1), 9, (41,7,4,2), 2, 
/* out0151_had-eta11-phi7*/	11, (33,5,3,0), 3, (33,5,3,2), 1, (33,5,3,3), 15, (33,5,3,9), 6, (33,6,4,1), 3, (40,6,4,0), 6, (40,6,4,2), 1, (40,7,5,1), 5, (40,7,5,2), 1, (41,6,3,0), 9, (41,6,3,1), 4, 
/* out0152_had-eta12-phi7*/	11, (33,5,3,1), 1, (33,5,3,2), 15, (33,5,3,3), 1, (33,5,3,6), 8, (33,5,3,10), 8, (40,6,4,0), 6, (40,6,4,1), 3, (40,6,4,2), 1, (41,5,3,2), 5, (41,5,2,0), 1, (41,6,3,1), 6, 
/* out0153_had-eta13-phi7*/	9, (33,5,3,4), 13, (33,5,3,5), 3, (33,5,3,6), 6, (33,5,3,7), 5, (40,5,4,2), 2, (40,6,4,1), 7, (41,5,3,1), 1, (41,5,3,2), 6, (41,5,2,0), 2, 
/* out0154_had-eta14-phi7*/	10, (33,4,2,0), 12, (33,4,2,1), 1, (33,5,3,4), 1, (33,4,3,8), 9, (40,5,4,2), 4, (40,5,3,0), 3, (41,4,2,0), 4, (41,4,2,2), 2, (41,5,3,1), 1, (41,5,2,1), 1, 
/* out0155_had-eta15-phi7*/	12, (33,4,2,1), 12, (33,4,2,7), 2, (33,4,3,11), 5, (40,4,3,0), 1, (40,4,3,2), 1, (40,5,4,1), 1, (40,5,4,2), 1, (40,5,3,0), 1, (40,5,3,1), 1, (41,4,2,0), 3, (41,4,2,1), 1, (41,4,2,2), 3, 
/* out0156_had-eta16-phi7*/	6, (33,4,2,7), 5, (33,3,2,3), 2, (33,3,2,9), 10, (40,4,3,0), 2, (40,4,3,2), 4, (41,4,2,1), 5, 
/* out0157_had-eta17-phi7*/	5, (33,3,2,9), 6, (33,3,2,10), 7, (40,4,3,1), 3, (40,4,3,2), 2, (41,4,2,1), 2, 
/* out0158_had-eta18-phi7*/	4, (33,3,2,6), 3, (33,3,2,10), 7, (33,3,2,11), 2, (40,4,3,1), 4, 
/* out0159_had-eta19-phi7*/	3, (33,3,2,4), 10, (33,3,2,5), 9, (33,3,2,6), 1, 
/* out0160_had-eta0-phi8*/	1, (43,3,4,0), 1, 
/* out0161_had-eta1-phi8*/	1, (43,3,4,0), 5, 
/* out0162_had-eta2-phi8*/	7, (33,13,8,0), 3, (33,12,8,0), 15, (33,12,8,1), 1, (33,12,8,2), 4, (33,12,9,2), 10, (43,2,4,0), 2, (43,3,4,0), 2, 
/* out0163_had-eta3-phi8*/	9, (33,11,7,0), 9, (33,12,8,0), 1, (33,12,8,1), 13, (33,11,8,0), 4, (33,11,8,1), 3, (33,11,8,2), 16, (33,12,9,1), 1, (33,12,9,2), 1, (43,2,4,0), 4, 
/* out0164_had-eta4-phi8*/	8, (33,11,7,0), 1, (33,11,7,1), 4, (33,10,7,0), 11, (33,10,7,1), 4, (33,10,7,2), 14, (33,11,8,1), 4, (43,1,4,0), 3, (43,2,4,0), 2, 
/* out0165_had-eta5-phi8*/	6, (33,9,7,2), 3, (33,9,6,0), 14, (33,9,6,2), 3, (33,10,7,1), 10, (33,10,7,2), 1, (43,1,4,0), 4, 
/* out0166_had-eta6-phi8*/	6, (33,8,6,2), 7, (33,8,5,0), 2, (33,9,6,0), 2, (33,9,6,1), 13, (43,0,4,0), 2, (43,1,4,0), 1, 
/* out0167_had-eta7-phi8*/	7, (33,7,5,0), 2, (33,7,5,2), 2, (33,8,6,1), 3, (33,8,6,2), 6, (33,8,5,0), 6, (33,8,5,1), 4, (43,0,4,0), 3, 
/* out0168_had-eta8-phi8*/	7, (33,7,5,0), 3, (33,7,5,1), 3, (33,7,5,2), 11, (40,8,6,0), 8, (40,8,6,2), 7, (41,7,5,2), 1, (43,0,4,0), 2, 
/* out0169_had-eta9-phi8*/	10, (33,6,4,0), 7, (33,7,5,1), 6, (33,7,5,2), 1, (40,7,6,2), 1, (40,7,5,0), 3, (40,8,6,1), 13, (40,8,6,2), 3, (41,7,5,2), 7, (41,7,4,0), 11, (43,0,4,0), 1, 
/* out0170_had-eta10-phi8*/	10, (33,6,4,0), 6, (33,6,4,1), 5, (33,6,4,2), 1, (40,7,6,2), 1, (40,7,5,0), 11, (40,7,5,1), 3, (41,6,4,0), 1, (41,6,4,2), 8, (41,7,5,1), 1, (41,7,4,1), 6, 
/* out0171_had-eta11-phi8*/	9, (33,5,3,0), 7, (33,5,4,8), 11, (33,6,4,1), 6, (40,6,5,2), 6, (40,6,4,0), 1, (40,7,5,1), 6, (41,6,4,1), 4, (41,6,4,2), 8, (41,6,3,0), 1, 
/* out0172_had-eta12-phi8*/	11, (33,5,3,0), 6, (33,5,3,1), 15, (33,5,3,7), 1, (33,5,4,8), 4, (33,5,4,11), 9, (40,6,5,1), 1, (40,6,5,2), 6, (40,6,4,0), 3, (41,5,3,0), 7, (41,5,3,2), 3, (41,6,4,1), 1, 
/* out0173_had-eta13-phi8*/	13, (33,5,3,4), 1, (33,5,3,7), 10, (33,4,3,3), 2, (33,4,3,8), 2, (33,4,3,9), 12, (33,5,4,5), 1, (40,5,4,0), 3, (40,5,4,2), 4, (40,6,5,1), 1, (40,6,4,1), 1, (41,5,3,0), 2, (41,5,3,1), 6, (41,5,3,2), 2, 
/* out0174_had-eta14-phi8*/	10, (33,4,3,8), 5, (33,4,3,9), 4, (33,4,3,10), 11, (33,4,3,11), 4, (40,5,4,0), 1, (40,5,4,1), 2, (40,5,4,2), 5, (41,4,3,2), 1, (41,4,2,0), 3, (41,5,3,1), 4, 
/* out0175_had-eta15-phi8*/	7, (33,4,3,5), 9, (33,4,3,6), 3, (33,4,3,10), 2, (33,4,3,11), 7, (40,4,3,0), 1, (40,5,4,1), 5, (41,4,2,0), 6, 
/* out0176_had-eta16-phi8*/	7, (33,3,2,0), 1, (33,3,2,3), 11, (33,4,3,4), 1, (33,4,3,5), 4, (40,4,3,0), 5, (41,3,2,1), 2, (41,4,2,1), 4, 
/* out0177_had-eta17-phi8*/	7, (33,3,2,2), 10, (33,3,2,3), 3, (33,3,2,10), 1, (40,4,3,0), 3, (40,4,3,1), 4, (41,3,2,1), 6, (41,4,2,1), 1, 
/* out0178_had-eta18-phi8*/	4, (33,3,2,2), 3, (33,3,2,6), 8, (33,3,2,10), 1, (40,4,3,1), 2, 
/* out0179_had-eta19-phi8*/	4, (33,3,2,4), 4, (33,3,2,5), 2, (33,3,2,6), 3, (33,3,2,7), 2, 
/* out0180_had-eta0-phi9*/	1, (43,3,4,0), 1, 
/* out0181_had-eta1-phi9*/	1, (43,3,4,0), 5, 
/* out0182_had-eta2-phi9*/	9, (33,11,9,0), 1, (33,11,9,2), 1, (33,12,10,0), 1, (33,12,10,1), 13, (33,12,9,0), 16, (33,12,9,1), 9, (33,12,9,2), 5, (43,2,4,0), 2, (43,3,4,0), 2, 
/* out0183_had-eta3-phi9*/	9, (33,10,8,0), 2, (33,10,8,2), 1, (33,11,9,0), 1, (33,11,9,1), 4, (33,11,9,2), 15, (33,11,8,0), 12, (33,11,8,1), 6, (33,12,9,1), 6, (43,2,4,0), 4, 
/* out0184_had-eta4-phi9*/	8, (33,10,8,0), 5, (33,10,8,1), 9, (33,10,8,2), 15, (33,10,7,0), 5, (33,10,7,1), 1, (33,11,8,1), 3, (43,1,4,0), 3, (43,2,4,0), 2, 
/* out0185_had-eta5-phi9*/	6, (33,9,7,0), 12, (33,9,7,1), 5, (33,9,7,2), 12, (33,10,8,1), 1, (33,10,7,1), 1, (43,1,4,0), 4, 
/* out0186_had-eta6-phi9*/	7, (33,8,6,0), 14, (33,8,6,2), 2, (33,9,7,1), 8, (33,9,7,2), 1, (33,8,7,2), 1, (43,0,4,0), 2, (43,1,4,0), 1, 
/* out0187_had-eta7-phi9*/	6, (33,7,5,0), 2, (33,8,6,0), 2, (33,8,6,1), 13, (33,8,6,2), 1, (33,7,6,2), 4, (43,0,4,0), 3, 
/* out0188_had-eta8-phi9*/	9, (33,7,5,0), 9, (33,7,5,1), 3, (33,7,6,2), 5, (40,8,7,0), 1, (40,8,7,1), 15, (40,8,6,0), 6, (41,7,5,0), 6, (41,7,5,2), 2, (43,0,4,0), 2, 
/* out0189_had-eta9-phi9*/	13, (33,6,4,0), 1, (33,7,5,1), 4, (33,6,5,2), 10, (40,7,6,0), 5, (40,7,6,2), 7, (40,8,7,0), 2, (40,8,7,1), 1, (40,8,6,0), 2, (40,8,6,1), 3, (41,7,5,0), 5, (41,7,5,1), 8, (41,7,5,2), 6, (43,0,4,0), 1, 
/* out0190_had-eta10-phi9*/	12, (33,5,4,3), 4, (33,5,4,9), 1, (33,6,4,0), 2, (33,6,4,1), 1, (33,6,5,1), 3, (33,6,5,2), 5, (40,7,6,0), 1, (40,7,6,1), 7, (40,7,6,2), 7, (41,6,5,2), 1, (41,6,4,0), 11, (41,7,5,1), 4, 
/* out0191_had-eta11-phi9*/	11, (33,5,4,2), 6, (33,5,4,3), 9, (33,5,4,8), 1, (33,5,4,9), 15, (33,5,4,10), 9, (40,6,5,0), 9, (40,6,5,2), 3, (40,7,6,1), 1, (41,5,4,2), 1, (41,6,4,0), 3, (41,6,4,1), 9, 
/* out0192_had-eta12-phi9*/	12, (33,5,4,2), 1, (33,5,4,4), 1, (33,5,4,5), 10, (33,5,4,6), 9, (33,5,4,10), 7, (33,5,4,11), 7, (40,6,5,0), 1, (40,6,5,1), 8, (40,6,5,2), 1, (41,5,4,2), 5, (41,5,3,0), 4, (41,6,4,1), 2, 
/* out0193_had-eta13-phi9*/	11, (33,4,3,0), 6, (33,4,3,2), 1, (33,4,3,3), 13, (33,5,4,4), 3, (33,5,4,5), 5, (40,5,4,0), 6, (40,6,5,1), 3, (41,4,3,2), 1, (41,5,4,2), 1, (41,5,3,0), 3, (41,5,3,1), 3, 
/* out0194_had-eta14-phi9*/	9, (33,4,3,1), 1, (33,4,3,2), 15, (33,4,3,3), 1, (33,4,3,6), 4, (33,4,3,10), 3, (40,5,4,0), 5, (40,5,4,1), 3, (41,4,3,2), 7, (41,5,3,1), 1, 
/* out0195_had-eta15-phi9*/	8, (33,4,3,4), 4, (33,4,3,5), 3, (33,4,3,6), 9, (33,4,3,7), 3, (40,4,4,2), 2, (40,5,4,1), 5, (41,4,3,1), 1, (41,4,3,2), 5, 
/* out0196_had-eta16-phi9*/	7, (33,3,2,0), 7, (33,4,3,4), 8, (40,4,4,2), 3, (40,4,3,0), 2, (41,3,2,0), 2, (41,3,2,1), 2, (41,4,3,1), 1, 
/* out0197_had-eta17-phi9*/	8, (33,3,2,0), 7, (33,3,2,1), 6, (33,3,2,2), 1, (40,4,4,2), 1, (40,4,3,0), 2, (40,4,3,1), 1, (41,3,2,0), 2, (41,3,2,1), 6, 
/* out0198_had-eta18-phi9*/	4, (33,3,2,1), 5, (33,3,2,2), 2, (33,3,2,6), 1, (33,3,2,7), 4, 
/* out0199_had-eta19-phi9*/	4, (33,2,2,4), 16, (33,2,2,5), 1, (33,3,2,4), 2, (33,3,2,7), 7, 
/* out0200_had-eta0-phi10*/	1, (43,3,5,0), 1, 
/* out0201_had-eta1-phi10*/	1, (43,3,5,0), 5, 
/* out0202_had-eta2-phi10*/	7, (33,11,9,0), 3, (33,12,10,0), 15, (33,12,10,1), 3, (33,11,10,0), 2, (33,11,10,2), 10, (43,2,5,0), 2, (43,3,5,0), 2, 
/* out0203_had-eta3-phi10*/	8, (33,10,8,0), 1, (33,11,9,0), 11, (33,11,9,1), 12, (33,10,9,0), 5, (33,10,9,2), 8, (33,11,10,1), 4, (33,11,10,2), 6, (43,2,5,0), 4, 
/* out0204_had-eta4-phi10*/	8, (33,10,8,0), 8, (33,10,8,1), 6, (33,9,8,0), 5, (33,9,8,2), 5, (33,10,9,1), 6, (33,10,9,2), 8, (43,1,5,0), 3, (43,2,5,0), 2, 
/* out0205_had-eta5-phi10*/	8, (33,9,7,0), 4, (33,9,7,1), 2, (33,8,7,0), 3, (33,8,7,2), 1, (33,9,8,0), 2, (33,9,8,1), 8, (33,9,8,2), 11, (43,1,5,0), 4, 
/* out0206_had-eta6-phi10*/	6, (33,9,7,1), 1, (33,8,7,0), 6, (33,8,7,1), 6, (33,8,7,2), 13, (43,0,5,0), 2, (43,1,5,0), 1, 
/* out0207_had-eta7-phi10*/	5, (33,7,6,0), 11, (33,7,6,2), 4, (33,8,7,1), 5, (33,8,7,2), 1, (43,0,5,0), 3, 
/* out0208_had-eta8-phi10*/	9, (33,6,5,0), 1, (33,7,6,0), 1, (33,7,6,1), 13, (33,7,6,2), 3, (40,7,7,2), 1, (40,8,7,0), 9, (41,7,6,1), 8, (41,7,5,0), 1, (43,0,5,0), 2, 
/* out0209_had-eta9-phi10*/	13, (33,6,5,0), 13, (33,6,5,1), 1, (33,6,5,2), 1, (40,7,7,2), 7, (40,7,6,0), 7, (40,8,7,0), 4, (41,6,5,0), 3, (41,6,5,2), 2, (41,7,6,0), 4, (41,7,6,1), 8, (41,7,5,0), 4, (41,7,5,1), 3, (43,0,5,0), 1, 
/* out0210_had-eta10-phi10*/	10, (33,5,4,0), 1, (33,5,5,2), 1, (33,6,5,1), 11, (40,6,6,2), 4, (40,7,7,2), 1, (40,7,6,0), 3, (40,7,6,1), 7, (41,6,5,0), 2, (41,6,5,1), 2, (41,6,5,2), 12, 
/* out0211_had-eta11-phi10*/	13, (33,5,4,0), 15, (33,5,4,1), 10, (33,5,4,2), 7, (33,5,4,3), 3, (33,5,5,2), 1, (40,6,6,2), 8, (40,6,5,0), 4, (40,7,6,1), 1, (41,5,4,0), 5, (41,5,4,2), 2, (41,6,5,1), 4, (41,6,5,2), 1, (41,6,4,0), 1, 
/* out0212_had-eta12-phi10*/	14, (33,4,4,9), 1, (33,5,4,1), 3, (33,5,4,2), 2, (33,5,4,4), 5, (33,5,4,6), 7, (33,5,4,7), 14, (40,5,5,0), 1, (40,5,5,2), 3, (40,6,6,1), 1, (40,6,5,0), 2, (40,6,5,1), 3, (41,5,4,0), 3, (41,5,4,1), 3, (41,5,4,2), 6, 
/* out0213_had-eta13-phi10*/	7, (33,4,4,8), 13, (33,4,3,0), 7, (33,5,4,4), 7, (40,5,5,2), 9, (41,4,3,0), 3, (41,5,4,1), 6, (41,5,4,2), 1, 
/* out0214_had-eta14-phi10*/	11, (33,4,4,8), 1, (33,4,4,11), 3, (33,4,3,0), 3, (33,4,3,1), 15, (33,4,3,7), 1, (40,4,4,0), 1, (40,5,5,1), 2, (40,5,5,2), 3, (40,5,4,0), 1, (41,4,3,0), 6, (41,4,3,2), 1, 
/* out0215_had-eta15-phi10*/	8, (33,3,3,8), 1, (33,3,3,9), 4, (33,4,3,4), 2, (33,4,3,7), 12, (40,4,4,0), 2, (40,4,4,2), 4, (41,4,3,1), 6, (41,4,3,2), 1, 
/* out0216_had-eta16-phi10*/	8, (33,3,3,8), 12, (33,3,3,9), 3, (33,3,3,11), 1, (33,4,3,4), 1, (40,4,4,1), 1, (40,4,4,2), 5, (41,3,2,0), 3, (41,4,3,1), 3, 
/* out0217_had-eta17-phi10*/	7, (33,3,3,8), 3, (33,3,3,11), 7, (33,3,2,0), 1, (33,3,2,1), 1, (40,4,4,1), 4, (40,4,4,2), 1, (41,3,2,0), 5, 
/* out0218_had-eta18-phi10*/	6, (33,2,2,3), 1, (33,2,2,5), 1, (33,3,3,11), 3, (33,3,2,1), 4, (33,3,2,7), 2, (41,3,2,0), 1, 
/* out0219_had-eta19-phi10*/	2, (33,2,2,5), 9, (33,3,2,7), 1, 
/* out0220_had-eta0-phi11*/	1, (43,3,5,0), 1, 
/* out0221_had-eta1-phi11*/	1, (43,3,5,0), 5, 
/* out0222_had-eta2-phi11*/	3, (33,11,10,0), 14, (43,2,5,0), 2, (43,3,5,0), 2, 
/* out0223_had-eta3-phi11*/	3, (33,10,9,0), 10, (33,11,10,1), 12, (43,2,5,0), 4, 
/* out0224_had-eta4-phi11*/	8, (33,9,9,0), 4, (33,9,9,1), 1, (33,9,9,2), 15, (33,9,8,0), 5, (33,10,9,0), 1, (33,10,9,1), 10, (43,1,5,0), 3, (43,2,5,0), 2, 
/* out0225_had-eta5-phi11*/	8, (33,8,8,0), 4, (33,8,8,2), 10, (33,9,9,1), 3, (33,9,9,2), 1, (33,8,7,0), 1, (33,9,8,0), 4, (33,9,8,1), 8, (43,1,5,0), 4, 
/* out0226_had-eta6-phi11*/	8, (33,7,7,0), 3, (33,7,7,2), 3, (33,8,8,1), 4, (33,8,8,2), 6, (33,8,7,0), 6, (33,8,7,1), 4, (43,0,5,0), 2, (43,1,5,0), 1, 
/* out0227_had-eta7-phi11*/	6, (33,7,7,0), 1, (33,7,7,1), 2, (33,7,7,2), 13, (33,7,6,0), 3, (33,8,7,1), 1, (43,0,5,0), 3, 
/* out0228_had-eta8-phi11*/	9, (33,6,6,0), 4, (33,6,6,2), 7, (33,7,7,1), 1, (33,7,6,0), 1, (33,7,6,1), 3, (40,7,7,0), 6, (40,7,7,2), 1, (41,7,6,0), 3, (43,0,5,0), 2, 
/* out0229_had-eta9-phi11*/	10, (33,6,6,1), 4, (33,6,6,2), 9, (33,6,5,0), 2, (40,7,7,0), 6, (40,7,7,1), 7, (40,7,7,2), 6, (41,6,6,2), 6, (41,6,5,0), 4, (41,7,6,0), 9, (43,0,5,0), 1, 
/* out0230_had-eta10-phi11*/	10, (33,5,5,0), 4, (33,5,5,2), 7, (33,6,5,1), 1, (40,6,6,0), 9, (40,6,6,2), 1, (40,7,7,1), 5, (41,5,5,2), 1, (41,6,6,2), 1, (41,6,5,0), 7, (41,6,5,1), 6, 
/* out0231_had-eta11-phi11*/	9, (33,5,4,1), 1, (33,5,5,1), 2, (33,5,5,2), 7, (40,6,6,0), 3, (40,6,6,1), 7, (40,6,6,2), 3, (41,5,5,2), 6, (41,5,4,0), 3, (41,6,5,1), 4, 
/* out0232_had-eta12-phi11*/	11, (33,4,4,2), 1, (33,4,4,3), 12, (33,4,4,9), 10, (33,5,4,1), 2, (33,5,4,7), 2, (33,5,5,1), 2, (40,5,5,0), 7, (40,6,6,1), 4, (41,5,5,2), 1, (41,5,4,0), 5, (41,5,4,1), 4, 
/* out0233_had-eta13-phi11*/	12, (33,4,4,2), 2, (33,4,4,6), 1, (33,4,4,8), 2, (33,4,4,9), 5, (33,4,4,10), 15, (33,4,4,11), 3, (40,5,5,0), 4, (40,5,5,1), 3, (40,5,5,2), 1, (41,4,4,2), 5, (41,4,3,0), 1, (41,5,4,1), 3, 
/* out0234_had-eta14-phi11*/	8, (33,4,4,5), 11, (33,4,4,6), 2, (33,4,4,10), 1, (33,4,4,11), 10, (40,4,4,0), 1, (40,5,5,1), 7, (41,4,4,2), 2, (41,4,3,0), 5, 
/* out0235_had-eta15-phi11*/	8, (33,3,3,2), 1, (33,3,3,3), 12, (33,3,3,9), 6, (33,4,4,5), 1, (40,4,4,0), 6, (41,3,3,2), 2, (41,4,3,0), 1, (41,4,3,1), 4, 
/* out0236_had-eta16-phi11*/	7, (33,3,3,2), 3, (33,3,3,9), 3, (33,3,3,10), 11, (40,4,4,0), 2, (40,4,4,1), 3, (41,3,3,2), 4, (41,4,3,1), 1, 
/* out0237_had-eta17-phi11*/	7, (33,3,3,5), 2, (33,3,3,6), 3, (33,3,3,10), 5, (33,3,3,11), 4, (40,4,4,1), 4, (41,3,3,2), 2, (41,3,2,0), 2, 
/* out0238_had-eta18-phi11*/	4, (33,2,2,3), 2, (33,3,3,5), 9, (33,3,3,11), 1, (41,3,2,0), 1, 
/* out0239_had-eta19-phi11*/	4, (33,2,2,2), 15, (33,2,2,3), 9, (33,2,2,5), 5, (33,2,2,6), 16, 
/* out0240_had-eta0-phi12*/	1, (43,3,6,0), 1, 
/* out0241_had-eta1-phi12*/	1, (43,3,6,0), 5, 
/* out0242_had-eta2-phi12*/	4, (33,10,11,0), 6, (33,10,11,2), 8, (43,2,6,0), 2, (43,3,6,0), 2, 
/* out0243_had-eta3-phi12*/	5, (33,9,10,0), 4, (33,9,10,2), 7, (33,10,11,1), 5, (33,10,11,2), 8, (43,2,6,0), 4, 
/* out0244_had-eta4-phi12*/	8, (33,9,9,0), 12, (33,9,9,1), 8, (33,8,9,0), 2, (33,8,9,2), 3, (33,9,10,1), 2, (33,9,10,2), 9, (43,1,6,0), 3, (43,2,6,0), 2, 
/* out0245_had-eta5-phi12*/	6, (33,8,8,0), 12, (33,8,8,1), 2, (33,9,9,1), 4, (33,8,9,1), 1, (33,8,9,2), 11, (43,1,6,0), 4, 
/* out0246_had-eta6-phi12*/	5, (33,7,7,0), 6, (33,8,8,1), 10, (33,7,8,2), 10, (43,0,6,0), 2, (43,1,6,0), 1, 
/* out0247_had-eta7-phi12*/	5, (33,7,7,0), 6, (33,7,7,1), 11, (33,6,7,2), 3, (33,7,8,2), 1, (43,0,6,0), 3, 
/* out0248_had-eta8-phi12*/	8, (33,6,6,0), 11, (33,7,7,1), 2, (33,6,7,2), 4, (40,7,8,0), 1, (40,7,8,1), 11, (40,7,7,0), 1, (41,6,6,0), 3, (43,0,6,0), 2, 
/* out0249_had-eta9-phi12*/	13, (33,6,6,0), 1, (33,6,6,1), 12, (33,5,6,2), 2, (40,6,7,0), 3, (40,6,7,2), 3, (40,7,8,0), 3, (40,7,8,1), 5, (40,7,7,0), 3, (40,7,7,1), 3, (41,6,6,0), 9, (41,6,6,1), 4, (41,6,6,2), 7, (43,0,6,0), 1, 
/* out0250_had-eta10-phi12*/	10, (33,5,5,0), 11, (33,5,6,2), 1, (40,6,7,1), 1, (40,6,7,2), 12, (40,6,6,0), 2, (40,7,7,1), 1, (41,5,5,0), 6, (41,5,5,2), 1, (41,6,6,1), 7, (41,6,6,2), 2, 
/* out0251_had-eta11-phi12*/	11, (33,4,5,8), 1, (33,5,5,1), 9, (40,5,6,0), 2, (40,5,6,2), 4, (40,6,7,1), 1, (40,6,7,2), 1, (40,6,6,0), 2, (40,6,6,1), 3, (41,5,5,0), 4, (41,5,5,1), 3, (41,5,5,2), 6, 
/* out0252_had-eta12-phi12*/	13, (33,4,4,0), 15, (33,4,4,1), 2, (33,4,4,2), 2, (33,4,4,3), 4, (33,4,5,8), 3, (33,5,5,1), 2, (40,5,6,2), 9, (40,5,5,0), 1, (40,6,6,1), 1, (41,4,4,0), 4, (41,4,4,2), 1, (41,5,5,1), 5, (41,5,5,2), 1, 
/* out0253_had-eta13-phi12*/	12, (33,4,4,1), 6, (33,4,4,2), 11, (33,4,4,6), 9, (33,4,4,7), 4, (40,4,5,2), 1, (40,5,6,1), 1, (40,5,6,2), 1, (40,5,5,0), 3, (40,5,5,1), 2, (41,4,4,0), 3, (41,4,4,1), 1, (41,4,4,2), 5, 
/* out0254_had-eta14-phi12*/	8, (33,4,4,4), 12, (33,4,4,5), 4, (33,4,4,6), 4, (33,4,4,7), 3, (40,4,5,2), 6, (40,5,5,1), 2, (41,4,4,1), 5, (41,4,4,2), 3, 
/* out0255_had-eta15-phi12*/	10, (33,3,3,0), 12, (33,3,3,1), 1, (33,3,3,2), 1, (33,3,3,3), 4, (33,4,4,4), 1, (40,4,5,2), 4, (40,4,4,0), 2, (41,3,3,0), 4, (41,3,3,2), 2, (41,4,4,1), 1, 
/* out0256_had-eta16-phi12*/	8, (33,3,3,1), 2, (33,3,3,2), 11, (33,3,3,6), 4, (40,3,4,1), 1, (40,4,4,0), 2, (40,4,4,1), 2, (41,3,3,0), 1, (41,3,3,2), 4, 
/* out0257_had-eta17-phi12*/	8, (33,3,3,4), 1, (33,3,3,5), 2, (33,3,3,6), 9, (33,3,3,7), 2, (40,3,4,1), 6, (40,4,4,1), 2, (41,3,3,1), 2, (41,3,3,2), 2, 
/* out0258_had-eta18-phi12*/	5, (33,2,2,0), 2, (33,3,3,4), 7, (33,3,3,5), 3, (40,3,4,1), 1, (41,3,3,1), 1, 
/* out0259_had-eta19-phi12*/	4, (33,2,2,0), 5, (33,2,2,1), 13, (33,2,2,2), 1, (33,2,2,3), 4, 
/* out0260_had-eta0-phi13*/	1, (43,3,6,0), 1, 
/* out0261_had-eta1-phi13*/	1, (43,3,6,0), 5, 
/* out0262_had-eta2-phi13*/	7, (33,10,11,0), 10, (33,10,11,1), 1, (33,9,11,0), 2, (33,10,12,0), 8, (33,10,12,1), 16, (43,2,6,0), 2, (43,3,6,0), 2, 
/* out0263_had-eta3-phi13*/	8, (33,9,10,0), 12, (33,9,10,1), 1, (33,10,11,1), 10, (33,8,10,0), 1, (33,9,11,0), 4, (33,9,11,1), 4, (33,9,11,2), 16, (43,2,6,0), 4, 
/* out0264_had-eta4-phi13*/	6, (33,8,9,0), 10, (33,9,10,1), 13, (33,8,10,0), 1, (33,8,10,2), 14, (43,1,6,0), 3, (43,2,6,0), 2, 
/* out0265_had-eta5-phi13*/	6, (33,7,8,0), 4, (33,8,9,0), 4, (33,8,9,1), 15, (33,8,9,2), 2, (33,7,9,2), 6, (43,1,6,0), 4, 
/* out0266_had-eta6-phi13*/	6, (33,7,8,0), 11, (33,7,8,1), 10, (33,7,8,2), 4, (33,7,9,2), 1, (43,0,6,0), 2, (43,1,6,0), 1, 
/* out0267_had-eta7-phi13*/	6, (33,6,7,0), 12, (33,6,7,2), 3, (33,7,8,1), 5, (33,7,8,2), 1, (33,6,8,2), 1, (43,0,6,0), 3, 
/* out0268_had-eta8-phi13*/	9, (33,5,6,0), 1, (33,6,7,0), 1, (33,6,7,1), 11, (33,6,7,2), 6, (40,6,8,2), 2, (40,7,8,0), 7, (41,6,7,0), 1, (41,6,7,1), 8, (43,0,6,0), 2, 
/* out0269_had-eta9-phi13*/	12, (33,5,6,0), 7, (33,5,6,2), 7, (40,6,8,2), 6, (40,6,7,0), 9, (40,7,8,0), 5, (41,5,6,0), 3, (41,5,6,2), 2, (41,6,7,0), 4, (41,6,7,1), 8, (41,6,6,0), 4, (41,6,6,1), 3, (43,0,6,0), 1, 
/* out0270_had-eta10-phi13*/	9, (33,4,5,3), 1, (33,5,5,0), 1, (33,5,6,1), 5, (33,5,6,2), 6, (40,6,7,0), 4, (40,6,7,1), 11, (41,5,6,2), 12, (41,5,5,0), 2, (41,6,6,1), 2, 
/* out0271_had-eta11-phi13*/	14, (33,4,5,2), 2, (33,4,5,3), 10, (33,4,5,8), 3, (33,4,5,9), 15, (33,4,5,10), 5, (33,5,5,1), 1, (40,5,7,2), 1, (40,5,6,0), 9, (40,6,7,1), 2, (41,4,5,2), 2, (41,5,6,1), 1, (41,5,6,2), 1, (41,5,5,0), 4, (41,5,5,1), 5, 
/* out0272_had-eta12-phi13*/	13, (33,4,4,0), 1, (33,4,4,1), 1, (33,4,5,5), 1, (33,4,5,8), 9, (33,4,5,9), 1, (33,4,5,10), 9, (33,4,5,11), 12, (40,5,6,0), 2, (40,5,6,1), 6, (40,5,6,2), 2, (41,4,5,2), 6, (41,4,4,0), 3, (41,5,5,1), 3, 
/* out0273_had-eta13-phi13*/	11, (33,4,4,1), 7, (33,4,4,7), 7, (33,3,4,3), 2, (33,3,4,9), 5, (33,4,5,5), 3, (33,4,5,11), 4, (40,4,5,0), 5, (40,5,6,1), 4, (41,4,5,2), 1, (41,4,4,0), 6, (41,4,4,1), 3, 
/* out0274_had-eta14-phi13*/	10, (33,4,4,4), 3, (33,4,4,7), 2, (33,3,4,8), 9, (33,3,4,9), 10, (33,3,4,10), 1, (40,4,5,0), 4, (40,4,5,1), 1, (40,4,5,2), 3, (41,3,4,2), 1, (41,4,4,1), 6, 
/* out0275_had-eta15-phi13*/	8, (33,3,3,0), 4, (33,3,3,1), 2, (33,3,4,8), 7, (33,3,4,11), 6, (40,4,5,1), 4, (40,4,5,2), 2, (41,3,4,2), 1, (41,3,3,0), 6, 
/* out0276_had-eta16-phi13*/	8, (33,3,3,1), 11, (33,3,3,7), 4, (33,3,4,11), 1, (40,3,4,0), 3, (40,3,4,1), 1, (40,4,5,1), 1, (41,3,3,0), 3, (41,3,3,1), 3, 
/* out0277_had-eta17-phi13*/	7, (33,2,3,8), 1, (33,2,3,9), 1, (33,3,3,4), 3, (33,3,3,7), 9, (40,3,4,0), 1, (40,3,4,1), 7, (41,3,3,1), 5, 
/* out0278_had-eta18-phi13*/	4, (33,2,2,0), 1, (33,2,3,8), 6, (33,3,3,4), 5, (41,3,3,1), 1, 
/* out0279_had-eta19-phi13*/	3, (33,2,2,0), 8, (33,2,2,1), 2, (33,2,3,8), 2, 
/* out0280_had-eta0-phi14*/	1, (43,3,7,0), 1, 
/* out0281_had-eta1-phi14*/	1, (43,3,7,0), 5, 
/* out0282_had-eta2-phi14*/	7, (33,9,11,0), 2, (33,10,12,0), 8, (33,9,12,0), 12, (33,9,12,1), 5, (33,9,12,2), 14, (43,2,7,0), 2, (43,3,7,0), 2, 
/* out0283_had-eta3-phi14*/	8, (33,8,10,0), 3, (33,9,11,0), 8, (33,9,11,1), 12, (33,8,11,0), 5, (33,8,11,2), 13, (33,9,12,1), 4, (33,9,12,2), 2, (43,2,7,0), 4, 
/* out0284_had-eta4-phi14*/	8, (33,8,10,0), 11, (33,8,10,1), 15, (33,8,10,2), 2, (33,7,10,2), 6, (33,8,11,1), 1, (33,8,11,2), 3, (43,1,7,0), 3, (43,2,7,0), 2, 
/* out0285_had-eta5-phi14*/	6, (33,7,9,0), 15, (33,7,9,1), 7, (33,7,9,2), 7, (33,8,10,1), 1, (33,7,10,2), 1, (43,1,7,0), 4, 
/* out0286_had-eta6-phi14*/	8, (33,7,8,0), 1, (33,7,8,1), 1, (33,6,8,0), 10, (33,6,8,2), 5, (33,7,9,1), 7, (33,7,9,2), 2, (43,0,7,0), 2, (43,1,7,0), 1, 
/* out0287_had-eta7-phi14*/	5, (33,6,7,0), 3, (33,5,7,0), 1, (33,6,8,1), 6, (33,6,8,2), 10, (43,0,7,0), 3, 
/* out0288_had-eta8-phi14*/	10, (33,5,6,0), 1, (33,6,7,1), 5, (33,5,7,0), 2, (33,5,7,2), 10, (40,6,8,0), 12, (40,6,8,2), 1, (41,5,7,0), 1, (41,5,7,2), 2, (41,6,7,0), 6, (43,0,7,0), 2, 
/* out0289_had-eta9-phi14*/	11, (33,5,6,0), 7, (33,5,6,1), 3, (33,4,6,2), 1, (33,5,7,2), 4, (40,6,8,0), 2, (40,6,8,1), 10, (40,6,8,2), 7, (41,5,7,2), 6, (41,5,6,0), 8, (41,6,7,0), 5, (43,0,7,0), 1, 
/* out0290_had-eta10-phi14*/	10, (33,4,5,0), 5, (33,5,6,1), 8, (33,4,6,2), 3, (40,5,7,0), 7, (40,5,7,2), 7, (40,6,8,1), 1, (40,6,7,1), 1, (41,5,6,0), 4, (41,5,6,1), 11, (41,5,6,2), 1, 
/* out0291_had-eta11-phi14*/	12, (33,4,5,0), 11, (33,4,5,1), 9, (33,4,5,2), 14, (33,4,5,3), 5, (33,4,5,6), 1, (33,4,5,7), 1, (40,5,7,1), 3, (40,5,7,2), 8, (40,5,6,0), 2, (41,4,5,0), 9, (41,4,5,2), 1, (41,5,6,1), 3, 
/* out0292_had-eta12-phi14*/	12, (33,4,5,4), 6, (33,4,5,5), 7, (33,4,5,6), 15, (33,4,5,7), 4, (33,4,5,10), 2, (40,4,6,0), 1, (40,4,6,2), 4, (40,5,6,0), 1, (40,5,6,1), 4, (41,4,5,0), 2, (41,4,5,1), 4, (41,4,5,2), 5, 
/* out0293_had-eta13-phi14*/	12, (33,3,4,0), 6, (33,3,4,2), 1, (33,3,4,3), 13, (33,4,5,4), 4, (33,4,5,5), 5, (40,4,6,2), 6, (40,4,5,0), 3, (40,5,6,1), 1, (41,3,4,0), 3, (41,3,4,2), 1, (41,4,5,1), 3, (41,4,5,2), 1, 
/* out0294_had-eta14-phi14*/	9, (33,3,4,2), 9, (33,3,4,3), 1, (33,3,4,6), 2, (33,3,4,9), 1, (33,3,4,10), 10, (40,4,5,0), 4, (40,4,5,1), 3, (41,3,4,0), 1, (41,3,4,2), 7, 
/* out0295_had-eta15-phi14*/	7, (33,3,4,5), 4, (33,3,4,6), 5, (33,3,4,10), 5, (33,3,4,11), 6, (40,4,5,1), 6, (41,3,4,2), 5, (41,3,3,0), 1, 
/* out0296_had-eta16-phi14*/	10, (33,2,3,3), 5, (33,2,3,9), 2, (33,3,3,7), 1, (33,3,4,5), 6, (33,3,4,11), 3, (40,3,4,0), 4, (40,4,5,1), 1, (41,2,3,2), 2, (41,3,3,0), 1, (41,3,3,1), 2, 
/* out0297_had-eta17-phi14*/	6, (33,2,3,3), 2, (33,2,3,9), 11, (33,2,3,10), 1, (40,3,4,0), 4, (41,2,3,2), 4, (41,3,3,1), 2, 
/* out0298_had-eta18-phi14*/	5, (33,2,3,8), 5, (33,2,3,9), 2, (33,2,3,10), 3, (33,2,3,11), 2, (41,2,3,2), 1, 
/* out0299_had-eta19-phi14*/	3, (33,2,2,1), 1, (33,2,3,8), 2, (33,2,3,11), 7, 
/* out0300_had-eta0-phi15*/	1, (43,3,7,0), 1, 
/* out0301_had-eta1-phi15*/	1, (43,3,7,0), 5, 
/* out0302_had-eta2-phi15*/	8, (33,9,12,0), 4, (33,9,12,1), 6, (33,8,12,0), 11, (33,8,12,1), 1, (33,8,12,2), 8, (33,8,13,1), 1, (43,2,7,0), 2, (43,3,7,0), 2, 
/* out0303_had-eta3-phi15*/	8, (33,8,11,0), 11, (33,8,11,1), 11, (33,9,12,1), 1, (33,7,11,0), 2, (33,7,11,2), 6, (33,8,12,1), 5, (33,8,12,2), 8, (43,2,7,0), 4, 
/* out0304_had-eta4-phi15*/	7, (33,7,10,0), 16, (33,7,10,1), 7, (33,7,10,2), 5, (33,8,11,1), 4, (33,7,11,2), 6, (43,1,7,0), 3, (43,2,7,0), 2, 
/* out0305_had-eta5-phi15*/	7, (33,7,9,0), 1, (33,7,9,1), 2, (33,6,9,0), 10, (33,6,9,2), 6, (33,7,10,1), 8, (33,7,10,2), 4, (43,1,7,0), 4, 
/* out0306_had-eta6-phi15*/	8, (33,6,8,0), 6, (33,6,8,1), 2, (33,5,8,0), 2, (33,5,8,2), 1, (33,6,9,1), 5, (33,6,9,2), 10, (43,0,7,0), 2, (43,1,7,0), 1, 
/* out0307_had-eta7-phi15*/	4, (33,5,7,0), 4, (33,6,8,1), 8, (33,5,8,2), 9, (43,0,7,0), 3, 
/* out0308_had-eta8-phi15*/	8, (33,5,7,0), 9, (33,5,7,1), 7, (33,5,7,2), 2, (40,5,8,0), 2, (40,6,8,0), 2, (41,5,7,0), 12, (41,5,7,2), 1, (43,0,7,0), 2, 
/* out0309_had-eta9-phi15*/	10, (33,4,6,0), 7, (33,4,6,2), 1, (33,5,7,1), 7, (40,5,8,0), 2, (40,5,8,2), 10, (40,6,8,1), 5, (41,5,7,0), 2, (41,5,7,1), 11, (41,5,7,2), 7, (43,0,7,0), 1, 
/* out0310_had-eta10-phi15*/	10, (33,4,6,0), 3, (33,4,6,1), 2, (33,4,6,2), 8, (40,5,7,0), 9, (40,5,7,1), 3, (40,5,8,2), 3, (41,4,6,0), 6, (41,4,6,2), 8, (41,5,6,0), 1, (41,5,6,1), 1, 
/* out0311_had-eta11-phi15*/	12, (33,3,5,3), 4, (33,3,5,9), 2, (33,4,5,1), 7, (33,4,5,7), 4, (33,4,6,1), 2, (33,4,6,2), 3, (40,4,6,0), 2, (40,4,7,2), 1, (40,5,7,1), 10, (41,4,6,1), 1, (41,4,6,2), 8, (41,4,5,0), 4, 
/* out0312_had-eta12-phi15*/	9, (33,3,5,8), 8, (33,3,5,9), 13, (33,4,5,4), 5, (33,4,5,7), 7, (40,4,6,0), 9, (40,4,6,2), 1, (41,3,5,2), 3, (41,4,5,0), 1, (41,4,5,1), 7, 
/* out0313_had-eta13-phi15*/	10, (33,3,4,0), 10, (33,3,4,1), 6, (33,3,5,8), 8, (33,3,5,11), 3, (33,4,5,4), 1, (40,4,6,1), 5, (40,4,6,2), 4, (41,3,5,2), 2, (41,3,4,0), 6, (41,4,5,1), 2, 
/* out0314_had-eta14-phi15*/	11, (33,3,4,1), 7, (33,3,4,2), 6, (33,3,4,6), 5, (33,3,4,7), 5, (40,3,5,0), 3, (40,3,5,2), 2, (40,4,6,1), 2, (40,4,6,2), 1, (41,3,4,0), 4, (41,3,4,1), 3, (41,3,4,2), 1, 
/* out0315_had-eta15-phi15*/	6, (33,3,4,4), 9, (33,3,4,5), 4, (33,3,4,6), 4, (33,3,4,7), 3, (40,3,5,2), 6, (41,3,4,1), 6, 
/* out0316_had-eta16-phi15*/	8, (33,2,3,0), 6, (33,2,3,3), 6, (33,3,4,4), 3, (33,3,4,5), 2, (40,3,5,2), 4, (40,3,4,0), 1, (41,2,3,0), 4, (41,2,3,2), 1, 
/* out0317_had-eta17-phi15*/	6, (33,2,3,2), 9, (33,2,3,3), 3, (33,2,3,10), 2, (40,3,4,0), 3, (41,2,3,0), 1, (41,2,3,2), 5, 
/* out0318_had-eta18-phi15*/	5, (33,2,3,2), 1, (33,2,3,6), 3, (33,2,3,10), 8, (33,2,3,11), 3, (41,2,3,2), 3, 
/* out0319_had-eta19-phi15*/	4, (33,2,3,5), 3, (33,2,3,6), 2, (33,2,3,10), 2, (33,2,3,11), 4, 
/* out0320_had-eta0-phi16*/	1, (43,3,8,0), 1, 
/* out0321_had-eta1-phi16*/	1, (43,3,8,0), 5, 
/* out0322_had-eta2-phi16*/	8, (33,7,12,0), 10, (33,7,12,2), 3, (33,8,12,0), 5, (33,8,12,1), 4, (33,8,13,0), 16, (33,8,13,1), 15, (43,2,8,0), 2, (43,3,8,0), 2, 
/* out0323_had-eta3-phi16*/	9, (33,6,11,0), 1, (33,6,11,2), 2, (33,7,11,0), 14, (33,7,11,1), 5, (33,7,11,2), 1, (33,7,12,1), 4, (33,7,12,2), 13, (33,8,12,1), 6, (43,2,8,0), 4, 
/* out0324_had-eta4-phi16*/	9, (33,7,10,1), 1, (33,6,10,0), 14, (33,6,10,1), 1, (33,6,10,2), 5, (33,6,11,2), 4, (33,7,11,1), 11, (33,7,11,2), 3, (43,1,8,0), 3, (43,2,8,0), 2, 
/* out0325_had-eta5-phi16*/	7, (33,6,9,0), 6, (33,6,9,1), 3, (33,5,9,0), 3, (33,5,9,2), 2, (33,6,10,1), 7, (33,6,10,2), 11, (43,1,8,0), 4, 
/* out0326_had-eta6-phi16*/	5, (33,5,8,0), 9, (33,6,9,1), 8, (33,5,9,2), 9, (43,0,8,0), 2, (43,1,8,0), 1, 
/* out0327_had-eta7-phi16*/	4, (33,5,8,0), 5, (33,5,8,1), 11, (33,5,8,2), 5, (43,0,8,0), 3, 
/* out0328_had-eta8-phi16*/	11, (33,5,7,1), 2, (33,4,7,0), 7, (33,4,7,2), 6, (33,5,8,1), 2, (33,5,8,2), 1, (40,5,8,0), 4, (41,4,7,0), 3, (41,4,7,2), 1, (41,5,7,0), 1, (41,5,7,1), 1, (43,0,8,0), 2, 
/* out0329_had-eta9-phi16*/	10, (33,4,6,0), 4, (33,4,7,2), 10, (40,5,8,0), 8, (40,5,8,1), 9, (40,5,8,2), 2, (41,4,6,0), 1, (41,4,7,0), 3, (41,4,7,2), 12, (41,5,7,1), 4, (43,0,8,0), 1, 
/* out0330_had-eta10-phi16*/	10, (33,4,6,0), 2, (33,4,6,1), 8, (33,3,6,2), 1, (40,4,7,0), 7, (40,4,7,2), 2, (40,5,8,1), 6, (40,5,8,2), 1, (41,4,6,0), 9, (41,4,6,1), 6, (41,4,7,2), 2, 
/* out0331_had-eta11-phi16*/	10, (33,3,5,0), 13, (33,3,5,1), 1, (33,3,5,2), 1, (33,3,5,3), 10, (33,4,6,1), 4, (40,4,7,0), 1, (40,4,7,1), 1, (40,4,7,2), 11, (41,3,5,0), 4, (41,4,6,1), 9, 
/* out0332_had-eta12-phi16*/	13, (33,3,5,2), 13, (33,3,5,3), 2, (33,3,5,6), 6, (33,3,5,9), 1, (33,3,5,10), 13, (40,4,6,0), 4, (40,4,6,1), 3, (40,4,7,1), 1, (40,4,7,2), 2, (40,3,6,2), 1, (41,3,5,0), 6, (41,3,5,1), 1, (41,3,5,2), 5, 
/* out0333_had-eta13-phi16*/	9, (33,3,5,5), 9, (33,3,5,6), 3, (33,3,5,10), 3, (33,3,5,11), 12, (40,4,6,1), 6, (40,3,6,2), 2, (41,3,5,1), 2, (41,3,5,2), 6, (41,3,4,0), 1, 
/* out0334_had-eta14-phi16*/	10, (33,3,4,1), 3, (33,3,4,7), 7, (33,3,5,5), 1, (33,3,5,11), 1, (33,2,4,3), 3, (33,2,4,9), 8, (40,3,5,0), 7, (41,2,4,2), 2, (41,3,4,0), 1, (41,3,4,1), 4, 
/* out0335_had-eta15-phi16*/	10, (33,3,4,4), 4, (33,3,4,7), 1, (33,2,4,8), 9, (33,2,4,9), 3, (40,3,5,0), 2, (40,3,5,1), 2, (40,3,5,2), 2, (41,2,4,2), 2, (41,2,3,0), 1, (41,3,4,1), 3, 
/* out0336_had-eta16-phi16*/	6, (33,2,3,0), 10, (33,2,3,1), 2, (33,2,4,8), 4, (40,3,5,1), 4, (40,3,5,2), 2, (41,2,3,0), 5, 
/* out0337_had-eta17-phi16*/	6, (33,2,3,1), 6, (33,2,3,2), 6, (33,2,3,6), 1, (40,3,5,1), 1, (41,2,3,0), 2, (41,2,3,1), 3, 
/* out0338_had-eta18-phi16*/	4, (33,2,3,5), 7, (33,2,3,6), 9, (33,2,3,7), 2, (41,2,3,1), 3, 
/* out0339_had-eta19-phi16*/	3, (33,2,3,4), 3, (33,2,3,5), 6, (33,2,3,6), 1, 
/* out0340_had-eta0-phi17*/	1, (43,3,8,0), 1, 
/* out0341_had-eta1-phi17*/	1, (43,3,8,0), 5, 
/* out0342_had-eta2-phi17*/	6, (33,7,12,0), 6, (33,7,12,1), 2, (33,6,12,0), 6, (33,6,12,2), 2, (43,2,8,0), 2, (43,3,8,0), 2, 
/* out0343_had-eta3-phi17*/	7, (33,6,11,0), 15, (33,6,11,1), 3, (33,6,11,2), 2, (33,7,12,1), 10, (33,6,12,0), 1, (33,6,12,2), 14, (43,2,8,0), 4, 
/* out0344_had-eta4-phi17*/	8, (33,6,10,0), 2, (33,6,10,1), 3, (33,6,11,1), 13, (33,6,11,2), 8, (33,5,10,0), 8, (33,5,10,2), 3, (43,1,8,0), 3, (43,2,8,0), 2, 
/* out0345_had-eta5-phi17*/	5, (33,5,9,0), 12, (33,5,9,1), 1, (33,6,10,1), 5, (33,5,10,2), 13, (43,1,8,0), 4, 
/* out0346_had-eta6-phi17*/	6, (33,5,9,0), 1, (33,5,9,1), 15, (33,5,9,2), 5, (33,4,8,0), 3, (43,0,8,0), 2, (43,1,8,0), 1, 
/* out0347_had-eta7-phi17*/	4, (33,5,8,1), 3, (33,4,8,0), 4, (33,4,8,2), 13, (43,0,8,0), 3, 
/* out0348_had-eta8-phi17*/	6, (33,4,7,0), 9, (33,4,7,1), 5, (33,4,8,2), 3, (40,4,8,0), 1, (41,4,7,0), 2, (43,0,8,0), 2, 
/* out0349_had-eta9-phi17*/	9, (33,4,7,1), 11, (33,3,6,0), 3, (40,5,8,1), 1, (40,4,8,0), 7, (40,4,8,2), 9, (41,4,7,0), 8, (41,4,7,1), 13, (41,4,7,2), 1, (43,0,8,0), 1, 
/* out0350_had-eta10-phi17*/	8, (33,3,6,0), 4, (33,3,6,2), 8, (40,4,7,0), 7, (40,4,7,1), 1, (40,4,8,2), 7, (41,3,6,0), 8, (41,3,6,2), 5, (41,4,7,1), 3, 
/* out0351_had-eta11-phi17*/	7, (33,3,5,0), 3, (33,3,5,1), 9, (33,3,6,2), 7, (40,4,7,0), 1, (40,4,7,1), 11, (41,3,6,2), 11, (41,3,5,0), 2, 
/* out0352_had-eta12-phi17*/	10, (33,3,5,1), 6, (33,3,5,2), 2, (33,3,5,4), 3, (33,3,5,6), 6, (33,3,5,7), 16, (40,4,7,1), 2, (40,3,6,0), 7, (40,3,6,2), 1, (41,3,5,0), 4, (41,3,5,1), 6, 
/* out0353_had-eta13-phi17*/	9, (33,3,5,4), 13, (33,3,5,5), 6, (33,3,5,6), 1, (33,2,4,0), 6, (33,2,4,3), 1, (40,3,6,0), 1, (40,3,6,2), 8, (41,2,4,0), 2, (41,3,5,1), 7, 
/* out0354_had-eta14-phi17*/	9, (33,2,4,0), 1, (33,2,4,2), 7, (33,2,4,3), 12, (33,2,4,9), 2, (33,2,4,10), 2, (40,3,5,0), 3, (40,3,6,2), 4, (41,2,4,0), 5, (41,2,4,2), 3, 
/* out0355_had-eta15-phi17*/	7, (33,2,4,8), 1, (33,2,4,9), 3, (33,2,4,10), 13, (33,2,4,11), 2, (40,3,5,0), 1, (40,3,5,1), 5, (41,2,4,2), 7, 
/* out0356_had-eta16-phi17*/	7, (33,2,3,1), 2, (33,2,4,8), 2, (33,2,4,11), 13, (40,3,5,1), 4, (41,2,4,2), 2, (41,2,3,0), 3, (41,2,3,1), 1, 
/* out0357_had-eta17-phi17*/	3, (33,2,3,1), 6, (33,2,3,7), 7, (41,2,3,1), 5, 
/* out0358_had-eta18-phi17*/	3, (33,2,3,4), 4, (33,2,3,7), 7, (41,2,3,1), 4, 
/* out0359_had-eta19-phi17*/	1, (33,2,3,4), 9, 
/* out0360_had-eta0-phi18*/	1, (43,3,9,0), 1, 
/* out0361_had-eta1-phi18*/	1, (43,3,9,0), 5, 
/* out0362_had-eta2-phi18*/	6, (33,5,12,0), 6, (33,5,12,2), 2, (33,6,12,0), 7, (33,6,12,1), 2, (43,2,9,0), 2, (43,3,9,0), 2, 
/* out0363_had-eta3-phi18*/	7, (33,5,11,0), 15, (33,5,11,1), 2, (33,5,11,2), 3, (33,5,12,2), 10, (33,6,12,0), 2, (33,6,12,1), 14, (43,2,9,0), 4, 
/* out0364_had-eta4-phi18*/	8, (33,5,10,0), 8, (33,5,10,1), 3, (33,5,11,1), 8, (33,5,11,2), 13, (33,4,10,0), 2, (33,4,10,2), 3, (43,1,9,0), 3, (43,2,9,0), 2, 
/* out0365_had-eta5-phi18*/	5, (33,5,10,1), 13, (33,4,9,0), 12, (33,4,9,2), 1, (33,4,10,2), 5, (43,1,9,0), 4, 
/* out0366_had-eta6-phi18*/	6, (33,4,8,0), 4, (33,4,9,0), 1, (33,4,9,1), 5, (33,4,9,2), 15, (43,0,9,0), 2, (43,1,9,0), 1, 
/* out0367_had-eta7-phi18*/	4, (33,4,8,0), 5, (33,4,8,1), 13, (33,3,8,2), 3, (43,0,9,0), 3, 
/* out0368_had-eta8-phi18*/	6, (33,4,8,1), 3, (33,3,7,0), 9, (33,3,7,2), 5, (40,4,8,0), 1, (41,3,7,0), 2, (43,0,9,0), 2, 
/* out0369_had-eta9-phi18*/	9, (33,3,6,0), 4, (33,3,7,2), 11, (40,3,8,2), 1, (40,4,8,0), 7, (40,4,8,1), 9, (41,3,7,0), 8, (41,3,7,1), 1, (41,3,7,2), 13, (43,0,9,0), 1, 
/* out0370_had-eta10-phi18*/	8, (33,3,6,0), 5, (33,3,6,1), 7, (40,3,7,0), 7, (40,3,7,2), 1, (40,4,8,1), 7, (41,3,6,0), 8, (41,3,6,1), 5, (41,3,7,2), 3, 
/* out0371_had-eta11-phi18*/	7, (33,2,5,0), 3, (33,2,5,3), 9, (33,3,6,1), 7, (40,3,7,0), 1, (40,3,7,2), 11, (41,2,5,0), 2, (41,3,6,1), 11, 
/* out0372_had-eta12-phi18*/	10, (33,2,5,2), 2, (33,2,5,3), 6, (33,2,5,8), 3, (33,2,5,9), 16, (33,2,5,10), 6, (40,3,6,0), 7, (40,3,6,1), 1, (40,3,7,2), 2, (41,2,5,0), 4, (41,2,5,2), 6, 
/* out0373_had-eta13-phi18*/	9, (33,2,4,0), 7, (33,2,4,1), 1, (33,2,5,8), 13, (33,2,5,10), 1, (33,2,5,11), 6, (40,3,6,0), 1, (40,3,6,1), 8, (41,2,4,0), 3, (41,2,5,2), 7, 
/* out0374_had-eta14-phi18*/	9, (33,2,4,0), 2, (33,2,4,1), 11, (33,2,4,2), 8, (33,2,4,6), 2, (33,2,4,7), 1, (40,2,5,0), 3, (40,3,6,1), 3, (41,2,4,0), 5, (41,2,4,1), 2, 
/* out0375_had-eta15-phi18*/	9, (33,2,4,2), 1, (33,2,4,4), 1, (33,2,4,5), 2, (33,2,4,6), 14, (33,2,4,7), 2, (33,2,4,10), 1, (40,2,5,0), 1, (40,2,5,2), 5, (41,2,4,1), 6, 
/* out0376_had-eta16-phi18*/	7, (33,2,4,5), 13, (33,2,4,11), 1, (33,1,3,3), 2, (40,2,5,2), 4, (41,1,3,0), 3, (41,1,3,2), 1, (41,2,4,1), 2, 
/* out0377_had-eta17-phi18*/	4, (33,2,4,5), 1, (33,1,3,3), 6, (33,1,3,9), 7, (41,1,3,2), 5, 
/* out0378_had-eta18-phi18*/	3, (33,1,3,8), 4, (33,1,3,9), 7, (41,1,3,2), 4, 
/* out0379_had-eta19-phi18*/	1, (33,1,3,8), 9, 
/* out0380_had-eta0-phi19*/	1, (43,3,9,0), 1, 
/* out0381_had-eta1-phi19*/	1, (43,3,9,0), 5, 
/* out0382_had-eta2-phi19*/	8, (33,5,12,0), 10, (33,5,12,1), 3, (33,5,13,0), 15, (33,5,13,1), 16, (33,4,12,0), 5, (33,4,12,2), 4, (43,2,9,0), 2, (43,3,9,0), 2, 
/* out0383_had-eta3-phi19*/	9, (33,5,11,0), 1, (33,5,11,1), 2, (33,5,12,1), 13, (33,5,12,2), 4, (33,4,11,0), 14, (33,4,11,1), 1, (33,4,11,2), 5, (33,4,12,2), 6, (43,2,9,0), 4, 
/* out0384_had-eta4-phi19*/	9, (33,5,11,1), 4, (33,4,10,0), 14, (33,4,10,1), 5, (33,4,10,2), 1, (33,4,11,1), 3, (33,4,11,2), 11, (33,3,10,2), 1, (43,1,9,0), 3, (43,2,9,0), 2, 
/* out0385_had-eta5-phi19*/	7, (33,4,9,0), 3, (33,4,9,1), 2, (33,4,10,1), 11, (33,4,10,2), 7, (33,3,9,0), 6, (33,3,9,2), 3, (43,1,9,0), 4, 
/* out0386_had-eta6-phi19*/	5, (33,4,9,1), 9, (33,3,8,0), 9, (33,3,9,2), 8, (43,0,9,0), 2, (43,1,9,0), 1, 
/* out0387_had-eta7-phi19*/	4, (33,3,8,0), 5, (33,3,8,1), 5, (33,3,8,2), 11, (43,0,9,0), 3, 
/* out0388_had-eta8-phi19*/	11, (33,2,7,2), 2, (33,3,7,0), 7, (33,3,7,1), 6, (33,3,8,1), 1, (33,3,8,2), 2, (40,3,8,0), 4, (41,2,7,0), 1, (41,2,7,2), 1, (41,3,7,0), 3, (41,3,7,1), 1, (43,0,9,0), 2, 
/* out0389_had-eta9-phi19*/	10, (33,2,6,0), 4, (33,3,7,1), 10, (40,3,8,0), 8, (40,3,8,1), 2, (40,3,8,2), 9, (41,2,6,0), 1, (41,2,7,2), 4, (41,3,7,0), 3, (41,3,7,1), 12, (43,0,9,0), 1, 
/* out0390_had-eta10-phi19*/	10, (33,2,6,0), 2, (33,2,6,2), 8, (33,3,6,1), 1, (40,3,7,0), 7, (40,3,7,1), 2, (40,3,8,1), 1, (40,3,8,2), 6, (41,2,6,0), 9, (41,2,6,2), 6, (41,3,7,1), 2, 
/* out0391_had-eta11-phi19*/	11, (33,2,5,0), 13, (33,2,5,1), 10, (33,2,5,2), 1, (33,2,5,3), 1, (33,2,6,2), 4, (33,3,6,1), 1, (40,3,7,0), 1, (40,3,7,1), 11, (40,3,7,2), 1, (41,2,5,0), 4, (41,2,6,2), 9, 
/* out0392_had-eta12-phi19*/	13, (33,2,5,1), 2, (33,2,5,2), 13, (33,2,5,6), 13, (33,2,5,7), 1, (33,2,5,10), 6, (40,2,6,0), 4, (40,2,6,2), 3, (40,3,6,1), 1, (40,3,7,1), 2, (40,3,7,2), 1, (41,2,5,0), 6, (41,2,5,1), 5, (41,2,5,2), 1, 
/* out0393_had-eta13-phi19*/	9, (33,2,5,5), 12, (33,2,5,6), 3, (33,2,5,10), 3, (33,2,5,11), 9, (40,2,6,2), 6, (40,3,6,1), 3, (41,1,4,0), 1, (41,2,5,1), 6, (41,2,5,2), 2, 
/* out0394_had-eta14-phi19*/	11, (33,2,4,1), 4, (33,2,4,7), 9, (33,2,5,5), 1, (33,2,5,11), 1, (33,1,4,3), 3, (33,1,4,9), 7, (40,2,5,0), 7, (41,1,4,0), 1, (41,1,4,2), 4, (41,2,4,0), 1, (41,2,4,1), 3, 
/* out0395_had-eta15-phi19*/	10, (33,2,4,4), 10, (33,2,4,7), 4, (33,1,4,8), 4, (33,1,4,9), 1, (40,2,5,0), 2, (40,2,5,1), 2, (40,2,5,2), 2, (41,1,3,0), 1, (41,1,4,2), 3, (41,2,4,1), 3, 
/* out0396_had-eta16-phi19*/	6, (33,2,4,4), 5, (33,1,3,0), 10, (33,1,3,3), 2, (40,2,5,1), 2, (40,2,5,2), 4, (41,1,3,0), 5, 
/* out0397_had-eta17-phi19*/	6, (33,1,3,2), 6, (33,1,3,3), 6, (33,1,3,10), 1, (40,2,5,2), 1, (41,1,3,0), 2, (41,1,3,2), 3, 
/* out0398_had-eta18-phi19*/	4, (33,1,3,9), 2, (33,1,3,10), 9, (33,1,3,11), 7, (41,1,3,2), 3, 
/* out0399_had-eta19-phi19*/	3, (33,1,3,8), 3, (33,1,3,10), 1, (33,1,3,11), 6, 
/* out0400_had-eta0-phi20*/	1, (43,3,10,0), 1, 
/* out0401_had-eta1-phi20*/	1, (43,3,10,0), 5, 
/* out0402_had-eta2-phi20*/	8, (33,5,13,0), 1, (33,4,12,0), 11, (33,4,12,1), 8, (33,4,12,2), 1, (33,3,12,0), 4, (33,3,12,2), 6, (43,2,10,0), 2, (43,3,10,0), 2, 
/* out0403_had-eta3-phi20*/	8, (33,4,11,0), 2, (33,4,11,1), 6, (33,4,12,1), 8, (33,4,12,2), 5, (33,3,11,0), 11, (33,3,11,2), 11, (33,3,12,2), 1, (43,2,10,0), 4, 
/* out0404_had-eta4-phi20*/	7, (33,4,11,1), 6, (33,3,10,0), 16, (33,3,10,1), 5, (33,3,10,2), 7, (33,3,11,2), 4, (43,1,10,0), 3, (43,2,10,0), 2, 
/* out0405_had-eta5-phi20*/	7, (33,2,9,0), 1, (33,2,9,2), 2, (33,3,9,0), 10, (33,3,9,1), 6, (33,3,10,1), 4, (33,3,10,2), 8, (43,1,10,0), 4, 
/* out0406_had-eta6-phi20*/	8, (33,2,8,0), 6, (33,2,8,2), 2, (33,3,8,0), 2, (33,3,8,1), 1, (33,3,9,1), 10, (33,3,9,2), 5, (43,0,10,0), 2, (43,1,10,0), 1, 
/* out0407_had-eta7-phi20*/	4, (33,2,7,0), 4, (33,2,8,2), 8, (33,3,8,1), 9, (43,0,10,0), 3, 
/* out0408_had-eta8-phi20*/	8, (33,2,7,0), 9, (33,2,7,1), 2, (33,2,7,2), 7, (40,2,8,0), 2, (40,3,8,0), 2, (41,2,7,0), 12, (41,2,7,1), 1, (43,0,10,0), 2, 
/* out0409_had-eta9-phi20*/	10, (33,2,6,0), 7, (33,2,6,1), 1, (33,2,7,2), 7, (40,2,8,2), 5, (40,3,8,0), 2, (40,3,8,1), 10, (41,2,7,0), 2, (41,2,7,1), 7, (41,2,7,2), 11, (43,0,10,0), 1, 
/* out0410_had-eta10-phi20*/	10, (33,2,6,0), 3, (33,2,6,1), 8, (33,2,6,2), 2, (40,2,7,0), 9, (40,2,7,2), 3, (40,3,8,1), 3, (41,1,6,0), 1, (41,1,6,2), 1, (41,2,6,0), 6, (41,2,6,1), 8, 
/* out0411_had-eta11-phi20*/	12, (33,2,5,1), 4, (33,2,5,7), 2, (33,1,5,3), 7, (33,1,5,9), 4, (33,2,6,1), 3, (33,2,6,2), 2, (40,2,6,0), 2, (40,2,7,2), 10, (40,3,7,1), 1, (41,1,5,0), 4, (41,2,6,1), 8, (41,2,6,2), 1, 
/* out0412_had-eta12-phi20*/	9, (33,2,5,4), 8, (33,2,5,7), 13, (33,1,5,8), 5, (33,1,5,9), 7, (40,2,6,0), 9, (40,2,6,1), 1, (41,1,5,0), 1, (41,1,5,2), 7, (41,2,5,1), 3, 
/* out0413_had-eta13-phi20*/	10, (33,2,5,4), 8, (33,2,5,5), 3, (33,1,4,0), 10, (33,1,4,3), 6, (33,1,5,8), 1, (40,2,6,1), 4, (40,2,6,2), 5, (41,1,4,0), 6, (41,1,5,2), 2, (41,2,5,1), 2, 
/* out0414_had-eta14-phi20*/	11, (33,1,4,2), 6, (33,1,4,3), 7, (33,1,4,9), 5, (33,1,4,10), 5, (40,2,5,0), 3, (40,2,5,1), 2, (40,2,6,1), 1, (40,2,6,2), 2, (41,1,4,0), 4, (41,1,4,1), 1, (41,1,4,2), 3, 
/* out0415_had-eta15-phi20*/	6, (33,1,4,8), 9, (33,1,4,9), 3, (33,1,4,10), 4, (33,1,4,11), 4, (40,2,5,1), 6, (41,1,4,2), 6, 
/* out0416_had-eta16-phi20*/	8, (33,1,3,0), 6, (33,1,3,1), 6, (33,1,4,8), 3, (33,1,4,11), 2, (40,1,4,0), 1, (40,2,5,1), 4, (41,1,3,0), 4, (41,1,3,1), 1, 
/* out0417_had-eta17-phi20*/	6, (33,1,3,1), 3, (33,1,3,2), 9, (33,1,3,6), 2, (40,1,4,0), 3, (41,1,3,0), 1, (41,1,3,1), 5, 
/* out0418_had-eta18-phi20*/	5, (33,1,3,2), 1, (33,1,3,5), 3, (33,1,3,6), 8, (33,1,3,10), 3, (41,1,3,1), 3, 
/* out0419_had-eta19-phi20*/	4, (33,1,3,5), 4, (33,1,3,6), 2, (33,1,3,10), 2, (33,1,3,11), 3, 
/* out0420_had-eta0-phi21*/	1, (43,3,10,0), 1, 
/* out0421_had-eta1-phi21*/	1, (43,3,10,0), 5, 
/* out0422_had-eta2-phi21*/	7, (33,2,11,0), 2, (33,2,12,1), 8, (33,3,12,0), 12, (33,3,12,1), 14, (33,3,12,2), 5, (43,2,10,0), 2, (43,3,10,0), 2, 
/* out0423_had-eta3-phi21*/	8, (33,2,10,0), 3, (33,2,11,0), 8, (33,2,11,2), 12, (33,3,11,0), 5, (33,3,11,1), 13, (33,3,12,1), 2, (33,3,12,2), 4, (43,2,10,0), 4, 
/* out0424_had-eta4-phi21*/	8, (33,2,10,0), 11, (33,2,10,1), 2, (33,2,10,2), 15, (33,3,10,1), 6, (33,3,11,1), 3, (33,3,11,2), 1, (43,1,10,0), 3, (43,2,10,0), 2, 
/* out0425_had-eta5-phi21*/	6, (33,2,9,0), 15, (33,2,9,1), 7, (33,2,9,2), 7, (33,2,10,2), 1, (33,3,10,1), 1, (43,1,10,0), 4, 
/* out0426_had-eta6-phi21*/	8, (33,2,8,0), 10, (33,2,8,1), 5, (33,2,9,1), 2, (33,2,9,2), 7, (33,1,8,0), 1, (33,1,8,2), 1, (43,0,10,0), 2, (43,1,10,0), 1, 
/* out0427_had-eta7-phi21*/	5, (33,2,7,0), 1, (33,2,8,1), 10, (33,2,8,2), 6, (33,1,7,0), 3, (43,0,10,0), 3, 
/* out0428_had-eta8-phi21*/	10, (33,2,7,0), 2, (33,2,7,1), 10, (33,1,6,0), 1, (33,1,7,2), 5, (40,2,8,0), 12, (40,2,8,1), 1, (41,1,7,1), 6, (41,2,7,0), 1, (41,2,7,1), 2, (43,0,10,0), 2, 
/* out0429_had-eta9-phi21*/	11, (33,2,6,1), 1, (33,2,7,1), 4, (33,1,6,0), 7, (33,1,6,2), 3, (40,2,8,0), 2, (40,2,8,1), 7, (40,2,8,2), 10, (41,1,6,0), 8, (41,1,7,1), 5, (41,2,7,1), 6, (43,0,10,0), 1, 
/* out0430_had-eta10-phi21*/	10, (33,1,5,0), 5, (33,2,6,1), 3, (33,1,6,2), 8, (40,1,7,2), 1, (40,2,7,0), 7, (40,2,7,1), 7, (40,2,8,2), 1, (41,1,6,0), 4, (41,1,6,1), 1, (41,1,6,2), 11, 
/* out0431_had-eta11-phi21*/	12, (33,1,5,0), 11, (33,1,5,1), 5, (33,1,5,2), 14, (33,1,5,3), 9, (33,1,5,9), 1, (33,1,5,10), 1, (40,1,6,0), 2, (40,2,7,1), 8, (40,2,7,2), 3, (41,1,5,0), 9, (41,1,5,1), 1, (41,1,6,2), 3, 
/* out0432_had-eta12-phi21*/	12, (33,1,5,6), 2, (33,1,5,8), 6, (33,1,5,9), 4, (33,1,5,10), 15, (33,1,5,11), 7, (40,1,6,0), 1, (40,1,6,2), 4, (40,2,6,0), 1, (40,2,6,1), 4, (41,1,5,0), 2, (41,1,5,1), 5, (41,1,5,2), 4, 
/* out0433_had-eta13-phi21*/	12, (33,1,4,0), 6, (33,1,4,1), 13, (33,1,4,2), 1, (33,1,5,8), 4, (33,1,5,11), 5, (40,1,5,0), 3, (40,1,6,2), 1, (40,2,6,1), 6, (41,1,4,0), 3, (41,1,4,1), 1, (41,1,5,1), 1, (41,1,5,2), 3, 
/* out0434_had-eta14-phi21*/	9, (33,1,4,1), 1, (33,1,4,2), 9, (33,1,4,6), 10, (33,1,4,7), 1, (33,1,4,10), 2, (40,1,5,0), 4, (40,1,5,2), 3, (41,1,4,0), 1, (41,1,4,1), 7, 
/* out0435_had-eta15-phi21*/	7, (33,1,4,5), 6, (33,1,4,6), 5, (33,1,4,10), 5, (33,1,4,11), 4, (40,1,5,2), 6, (41,0,3,0), 1, (41,1,4,1), 5, 
/* out0436_had-eta16-phi21*/	9, (33,1,3,1), 5, (33,1,3,7), 2, (33,1,4,5), 3, (33,1,4,11), 6, (40,1,4,0), 4, (40,1,5,2), 1, (41,0,3,0), 1, (41,0,3,2), 2, (41,1,3,1), 2, 
/* out0437_had-eta17-phi21*/	6, (33,1,3,1), 2, (33,1,3,6), 1, (33,1,3,7), 11, (40,1,4,0), 4, (41,0,3,2), 2, (41,1,3,1), 4, 
/* out0438_had-eta18-phi21*/	5, (33,1,3,4), 5, (33,1,3,5), 2, (33,1,3,6), 3, (33,1,3,7), 2, (41,1,3,1), 1, 
/* out0439_had-eta19-phi21*/	2, (33,1,3,4), 2, (33,1,3,5), 7, 
/* out0440_had-eta0-phi22*/	1, (43,3,11,0), 1, 
/* out0441_had-eta1-phi22*/	1, (43,3,11,0), 5, 
/* out0442_had-eta2-phi22*/	7, (33,2,11,0), 2, (33,2,12,0), 16, (33,2,12,1), 8, (33,1,11,0), 10, (33,1,11,2), 1, (43,2,11,0), 2, (43,3,11,0), 2, 
/* out0443_had-eta3-phi22*/	8, (33,2,10,0), 1, (33,2,11,0), 4, (33,2,11,1), 16, (33,2,11,2), 4, (33,1,10,0), 12, (33,1,10,2), 1, (33,1,11,2), 10, (43,2,11,0), 4, 
/* out0444_had-eta4-phi22*/	6, (33,2,10,0), 1, (33,2,10,1), 14, (33,1,9,0), 10, (33,1,10,2), 13, (43,1,11,0), 3, (43,2,11,0), 2, 
/* out0445_had-eta5-phi22*/	6, (33,2,9,1), 6, (33,1,8,0), 4, (33,1,9,0), 4, (33,1,9,1), 2, (33,1,9,2), 15, (43,1,11,0), 4, 
/* out0446_had-eta6-phi22*/	6, (33,2,9,1), 1, (33,1,8,0), 11, (33,1,8,1), 4, (33,1,8,2), 10, (43,0,11,0), 2, (43,1,11,0), 1, 
/* out0447_had-eta7-phi22*/	6, (33,2,8,1), 1, (33,1,7,0), 12, (33,1,7,1), 3, (33,1,8,1), 1, (33,1,8,2), 5, (43,0,11,0), 3, 
/* out0448_had-eta8-phi22*/	9, (33,1,6,0), 1, (33,1,7,0), 1, (33,1,7,1), 6, (33,1,7,2), 11, (40,1,8,1), 7, (40,2,8,1), 2, (41,1,7,0), 8, (41,1,7,1), 1, (43,0,11,0), 2, 
/* out0449_had-eta9-phi22*/	12, (33,1,6,0), 7, (33,1,6,1), 7, (40,1,7,0), 9, (40,1,8,1), 5, (40,2,8,1), 6, (41,0,6,0), 4, (41,0,6,2), 3, (41,1,6,0), 3, (41,1,6,1), 2, (41,1,7,0), 8, (41,1,7,1), 4, (43,0,11,0), 1, 
/* out0450_had-eta10-phi22*/	8, (33,1,5,1), 1, (33,1,6,1), 6, (33,1,6,2), 5, (40,1,7,0), 4, (40,1,7,2), 11, (41,0,5,0), 2, (41,0,6,2), 2, (41,1,6,1), 12, 
/* out0451_had-eta11-phi22*/	13, (33,1,5,1), 10, (33,1,5,2), 2, (33,1,5,4), 3, (33,1,5,6), 5, (33,1,5,7), 15, (40,1,6,0), 9, (40,1,7,2), 2, (40,2,7,1), 1, (41,0,5,0), 4, (41,0,5,2), 5, (41,1,5,1), 2, (41,1,6,1), 1, (41,1,6,2), 1, 
/* out0452_had-eta12-phi22*/	11, (33,1,5,4), 9, (33,1,5,5), 12, (33,1,5,6), 9, (33,1,5,7), 1, (33,1,5,11), 1, (40,1,6,0), 2, (40,1,6,1), 2, (40,1,6,2), 6, (41,0,4,0), 3, (41,0,5,2), 3, (41,1,5,1), 6, 
/* out0453_had-eta13-phi22*/	9, (33,1,4,1), 2, (33,1,4,7), 5, (33,1,5,5), 4, (33,1,5,11), 3, (40,1,5,0), 5, (40,1,6,2), 4, (41,0,4,0), 6, (41,0,4,2), 3, (41,1,5,1), 1, 
/* out0454_had-eta14-phi22*/	8, (33,1,4,4), 9, (33,1,4,6), 1, (33,1,4,7), 10, (40,1,5,0), 4, (40,1,5,1), 3, (40,1,5,2), 1, (41,0,4,2), 6, (41,1,4,1), 1, 
/* out0455_had-eta15-phi22*/	6, (33,1,4,4), 7, (33,1,4,5), 6, (40,1,5,1), 2, (40,1,5,2), 4, (41,0,3,0), 6, (41,1,4,1), 1, 
/* out0456_had-eta16-phi22*/	6, (33,1,4,5), 1, (40,1,4,0), 3, (40,1,4,1), 1, (40,1,5,2), 1, (41,0,3,0), 3, (41,0,3,2), 3, 
/* out0457_had-eta17-phi22*/	5, (33,1,3,4), 1, (33,1,3,7), 1, (40,1,4,0), 1, (40,1,4,1), 7, (41,0,3,2), 5, 
/* out0458_had-eta18-phi22*/	2, (33,1,3,4), 6, (41,0,3,2), 1, 
/* out0459_had-eta19-phi22*/	1, (33,1,3,4), 2, 
/* out0460_had-eta0-phi23*/	1, (43,3,11,0), 1, 
/* out0461_had-eta1-phi23*/	1, (43,3,11,0), 5, 
/* out0462_had-eta2-phi23*/	4, (33,1,11,0), 6, (33,1,11,1), 8, (43,2,11,0), 2, (43,3,11,0), 2, 
/* out0463_had-eta3-phi23*/	5, (33,1,10,0), 4, (33,1,10,1), 7, (33,1,11,1), 8, (33,1,11,2), 5, (43,2,11,0), 4, 
/* out0464_had-eta4-phi23*/	6, (33,1,9,0), 2, (33,1,9,1), 3, (33,1,10,1), 9, (33,1,10,2), 2, (43,1,11,0), 3, (43,2,11,0), 2, 
/* out0465_had-eta5-phi23*/	3, (33,1,9,1), 11, (33,1,9,2), 1, (43,1,11,0), 4, 
/* out0466_had-eta6-phi23*/	3, (33,1,8,1), 10, (43,0,11,0), 2, (43,1,11,0), 1, 
/* out0467_had-eta7-phi23*/	3, (33,1,7,1), 3, (33,1,8,1), 1, (43,0,11,0), 3, 
/* out0468_had-eta8-phi23*/	6, (33,1,7,1), 4, (40,1,8,0), 11, (40,1,8,1), 1, (41,0,6,0), 3, (41,0,6,1), 7, (43,0,11,0), 2, 
/* out0469_had-eta9-phi23*/	9, (33,1,6,1), 2, (40,1,7,0), 3, (40,1,7,1), 3, (40,1,8,0), 5, (40,1,8,1), 3, (41,0,6,0), 9, (41,0,6,1), 7, (41,0,6,2), 4, (43,0,11,0), 1, 
/* out0470_had-eta10-phi23*/	7, (33,1,6,1), 1, (40,1,7,1), 12, (40,1,7,2), 1, (41,0,5,0), 6, (41,0,5,1), 7, (41,0,6,1), 2, (41,0,6,2), 7, 
/* out0471_had-eta11-phi23*/	8, (33,1,5,4), 1, (40,1,6,0), 2, (40,1,6,1), 4, (40,1,7,1), 1, (40,1,7,2), 1, (41,0,5,0), 4, (41,0,5,1), 7, (41,0,5,2), 3, 
/* out0472_had-eta12-phi23*/	6, (33,1,5,4), 3, (40,1,6,1), 9, (41,0,4,0), 4, (41,0,4,1), 1, (41,0,5,1), 2, (41,0,5,2), 5, 
/* out0473_had-eta13-phi23*/	6, (40,1,5,1), 1, (40,1,6,1), 1, (40,1,6,2), 1, (41,0,4,0), 3, (41,0,4,1), 6, (41,0,4,2), 1, 
/* out0474_had-eta14-phi23*/	3, (40,1,5,1), 6, (41,0,4,1), 3, (41,0,4,2), 5, 
/* out0475_had-eta15-phi23*/	5, (40,1,5,1), 4, (41,0,3,0), 4, (41,0,3,1), 2, (41,0,4,1), 6, (41,0,4,2), 1, 
/* out0476_had-eta16-phi23*/	3, (40,1,4,1), 1, (41,0,3,0), 1, (41,0,3,1), 5, 
/* out0477_had-eta17-phi23*/	3, (40,1,4,1), 6, (41,0,3,1), 3, (41,0,3,2), 2, 
/* out0478_had-eta18-phi23*/	3, (40,1,4,1), 1, (41,0,3,1), 6, (41,0,3,2), 1, 
/* out0479_had-eta19-phi23*/	0, 
