
format module = (Layer,u,v),fraction of 1/16
Number of Ptts = 480
Number CEH modules =114Number CEH scintilators =60
Board 0x640A0000Board number = 10
/* out0000_had-eta0-phi0*/	0, 
/* out0001_had-eta1-phi0*/	1, (44,4,00), 5, 
/* out0002_had-eta2-phi0*/	3, (29,10,12), 3, (44,3,00), 1, (44,4,00), 3, 
/* out0003_had-eta3-phi0*/	4, (29,9,12), 1, (29,10,11), 10, (29,10,12), 8, (44,3,00), 5, 
/* out0004_had-eta4-phi0*/	6, (29,8,00), 4, (29,8,02), 4, (29,9,11), 7, (29,9,12), 8, (44,2,00), 2, (44,3,00), 2, 
/* out0005_had-eta5-phi0*/	8, (29,7,02), 12, (29,8,00), 12, (29,8,01), 16, (29,8,02), 12, (29,8,11), 2, (29,8,12), 7, (29,9,11), 1, (44,2,00), 4, 
/* out0006_had-eta6-phi0*/	7, (29,7,00), 14, (29,7,01), 1, (29,7,02), 4, (29,7,12), 1, (29,8,11), 4, (44,1,00), 2, (44,2,00), 2, 
/* out0007_had-eta7-phi0*/	7, (29,6,00), 3, (29,6,02), 15, (29,7,00), 2, (29,7,01), 15, (29,7,11), 3, (29,7,12), 3, (44,1,00), 3, 
/* out0008_had-eta8-phi0*/	5, (29,6,00), 12, (29,6,01), 13, (29,6,02), 1, (29,6,12), 1, (44,1,00), 2, 
/* out0009_had-eta9-phi0*/	8, (29,5,00), 4, (29,5,02), 4, (29,6,00), 1, (29,6,01), 3, (29,6,11), 1, (29,6,12), 1, (44,0,00), 3, (44,1,00), 1, 
/* out0010_had-eta10-phi0*/	4, (29,5,00), 9, (29,5,01), 13, (29,5,02), 12, (44,0,00), 5, 
/* out0011_had-eta11-phi0*/	5, (29,4,03), 5, (29,4,08), 16, (29,4,09), 13, (29,5,00), 1, (29,5,01), 3, 
/* out0012_had-eta12-phi0*/	7, (29,4,00), 1, (29,4,01), 1, (29,4,02), 11, (29,4,03), 9, (29,4,06), 1, (29,4,09), 3, (29,4,010), 16, 
/* out0013_had-eta13-phi0*/	4, (29,4,01), 10, (29,4,02), 5, (29,4,06), 15, (29,4,07), 7, 
/* out0014_had-eta14-phi0*/	6, (29,3,03), 3, (29,3,08), 16, (29,3,09), 11, (29,4,01), 1, (29,4,04), 16, (29,4,07), 9, 
/* out0015_had-eta15-phi0*/	4, (29,3,02), 7, (29,3,03), 4, (29,3,09), 5, (29,3,010), 5, 
/* out0016_had-eta16-phi0*/	4, (29,3,01), 2, (29,3,02), 9, (29,3,06), 15, (29,3,010), 11, 
/* out0017_had-eta17-phi0*/	3, (29,3,01), 1, (29,3,06), 1, (29,3,07), 11, 
/* out0018_had-eta18-phi0*/	4, (29,2,03), 16, (29,2,04), 10, (29,3,04), 16, (29,3,07), 1, 
/* out0019_had-eta19-phi0*/	4, (29,2,01), 14, (29,2,02), 1, (29,2,04), 4, (29,2,05), 16, 
/* out0020_had-eta0-phi1*/	0, 
/* out0021_had-eta1-phi1*/	1, (44,4,00), 5, 
/* out0022_had-eta2-phi1*/	4, (29,10,10), 2, (29,10,12), 3, (44,3,00), 1, (44,4,00), 3, 
/* out0023_had-eta3-phi1*/	8, (29,9,10), 1, (29,9,12), 2, (29,10,10), 14, (29,10,11), 6, (29,10,12), 2, (29,10,21), 3, (29,10,22), 9, (44,3,00), 5, 
/* out0024_had-eta4-phi1*/	7, (29,9,10), 15, (29,9,11), 6, (29,9,12), 5, (29,9,22), 4, (29,10,21), 4, (44,2,00), 2, (44,3,00), 2, 
/* out0025_had-eta5-phi1*/	7, (29,8,10), 11, (29,8,11), 1, (29,8,12), 9, (29,9,11), 2, (29,9,21), 2, (29,9,22), 1, (44,2,00), 4, 
/* out0026_had-eta6-phi1*/	6, (29,7,10), 2, (29,7,12), 7, (29,8,10), 4, (29,8,11), 9, (44,1,00), 2, (44,2,00), 2, 
/* out0027_had-eta7-phi1*/	4, (29,7,10), 6, (29,7,11), 9, (29,7,12), 5, (44,1,00), 3, 
/* out0028_had-eta8-phi1*/	3, (29,6,12), 11, (29,7,11), 4, (44,1,00), 2, 
/* out0029_had-eta9-phi1*/	5, (29,6,10), 1, (29,6,11), 10, (29,6,12), 2, (44,0,00), 3, (44,1,00), 1, 
/* out0030_had-eta10-phi1*/	4, (29,5,12), 7, (29,5,00), 2, (29,6,11), 2, (44,0,00), 5, 
/* out0031_had-eta11-phi1*/	2, (29,5,11), 5, (29,5,12), 4, 
/* out0032_had-eta12-phi1*/	4, (29,4,00), 11, (29,4,03), 2, (29,4,18), 3, (29,5,11), 4, 
/* out0033_had-eta13-phi1*/	4, (29,4,00), 4, (29,4,01), 4, (29,4,18), 7, (29,4,111), 10, 
/* out0034_had-eta14-phi1*/	3, (29,3,03), 3, (29,4,15), 13, (29,4,111), 5, 
/* out0035_had-eta15-phi1*/	3, (29,3,00), 8, (29,3,03), 6, (29,4,14), 3, 
/* out0036_had-eta16-phi1*/	3, (29,3,00), 7, (29,3,01), 7, (29,3,18), 1, 
/* out0037_had-eta17-phi1*/	3, (29,3,01), 6, (29,3,07), 1, (29,3,111), 5, 
/* out0038_had-eta18-phi1*/	4, (29,2,02), 6, (29,2,04), 2, (29,3,07), 3, (29,3,15), 3, 
/* out0039_had-eta19-phi1*/	3, (29,2,00), 1, (29,2,01), 2, (29,2,02), 8, 
/* out0040_had-eta0-phi2*/	0, 
/* out0041_had-eta1-phi2*/	1, (44,4,10), 5, 
/* out0042_had-eta2-phi2*/	2, (44,3,10), 1, (44,4,10), 3, 
/* out0043_had-eta3-phi2*/	6, (29,10,20), 14, (29,10,21), 2, (29,10,22), 7, (29,10,32), 3, (29,11,31), 9, (44,3,10), 5, 
/* out0044_had-eta4-phi2*/	8, (29,9,20), 9, (29,9,22), 11, (29,10,20), 2, (29,10,21), 7, (29,10,31), 2, (29,10,32), 2, (44,2,10), 2, (44,3,10), 2, 
/* out0045_had-eta5-phi2*/	6, (29,8,10), 1, (29,8,20), 1, (29,8,22), 8, (29,9,20), 4, (29,9,21), 14, (44,2,10), 4, 
/* out0046_had-eta6-phi2*/	6, (29,7,10), 1, (29,8,20), 2, (29,8,21), 12, (29,8,22), 8, (44,1,10), 2, (44,2,10), 2, 
/* out0047_had-eta7-phi2*/	4, (29,7,10), 7, (29,7,22), 10, (29,8,21), 2, (44,1,10), 3, 
/* out0048_had-eta8-phi2*/	5, (29,6,10), 7, (29,6,12), 1, (29,7,21), 7, (29,7,22), 1, (44,1,10), 2, 
/* out0049_had-eta9-phi2*/	5, (29,6,10), 8, (29,6,11), 2, (29,6,22), 3, (44,0,10), 3, (44,1,10), 1, 
/* out0050_had-eta10-phi2*/	5, (29,5,10), 5, (29,5,12), 4, (29,6,11), 1, (29,6,21), 1, (44,0,10), 5, 
/* out0051_had-eta11-phi2*/	3, (29,5,10), 5, (29,5,11), 3, (29,5,12), 1, 
/* out0052_had-eta12-phi2*/	3, (29,4,18), 4, (29,4,19), 9, (29,5,11), 4, 
/* out0053_had-eta13-phi2*/	5, (29,4,12), 2, (29,4,18), 2, (29,4,19), 5, (29,4,110), 14, (29,4,111), 1, 
/* out0054_had-eta14-phi2*/	6, (29,4,12), 1, (29,4,14), 1, (29,4,15), 3, (29,4,16), 13, (29,4,17), 1, (29,4,110), 2, 
/* out0055_had-eta15-phi2*/	4, (29,3,00), 1, (29,3,18), 3, (29,4,14), 12, (29,4,17), 2, 
/* out0056_had-eta16-phi2*/	2, (29,3,18), 11, (29,3,111), 3, 
/* out0057_had-eta17-phi2*/	4, (29,3,15), 1, (29,3,16), 1, (29,3,110), 3, (29,3,111), 8, 
/* out0058_had-eta18-phi2*/	1, (29,3,15), 10, 
/* out0059_had-eta19-phi2*/	3, (29,2,00), 15, (29,2,02), 1, (29,3,14), 4, 
/* out0060_had-eta0-phi3*/	0, 
/* out0061_had-eta1-phi3*/	1, (44,4,10), 5, 
/* out0062_had-eta2-phi3*/	4, (29,11,30), 4, (29,11,42), 3, (44,3,10), 1, (44,4,10), 3, 
/* out0063_had-eta3-phi3*/	7, (29,10,30), 8, (29,10,32), 9, (29,11,30), 12, (29,11,31), 7, (29,11,41), 5, (29,11,42), 8, (44,3,10), 5, 
/* out0064_had-eta4-phi3*/	8, (29,9,20), 2, (29,9,30), 1, (29,9,32), 7, (29,10,30), 7, (29,10,31), 14, (29,10,32), 2, (44,2,10), 2, (44,3,10), 2, 
/* out0065_had-eta5-phi3*/	6, (29,8,20), 3, (29,9,20), 1, (29,9,30), 2, (29,9,31), 12, (29,9,32), 9, (44,2,10), 4, 
/* out0066_had-eta6-phi3*/	7, (29,8,20), 10, (29,8,21), 2, (29,8,31), 2, (29,8,32), 8, (29,9,31), 1, (44,1,10), 2, (44,2,10), 2, 
/* out0067_had-eta7-phi3*/	4, (29,7,20), 10, (29,7,22), 5, (29,8,31), 2, (44,1,10), 3, 
/* out0068_had-eta8-phi3*/	4, (29,6,22), 3, (29,7,20), 3, (29,7,21), 9, (44,1,10), 2, 
/* out0069_had-eta9-phi3*/	5, (29,6,20), 1, (29,6,21), 2, (29,6,22), 10, (44,0,10), 3, (44,1,10), 1, 
/* out0070_had-eta10-phi3*/	4, (29,5,10), 1, (29,5,28), 2, (29,6,21), 9, (44,0,10), 5, 
/* out0071_had-eta11-phi3*/	3, (29,5,10), 4, (29,5,28), 11, (29,5,211), 9, 
/* out0072_had-eta12-phi3*/	6, (29,4,13), 7, (29,4,19), 2, (29,5,10), 1, (29,5,24), 1, (29,5,25), 10, (29,5,211), 6, 
/* out0073_had-eta13-phi3*/	4, (29,4,10), 6, (29,4,11), 1, (29,4,12), 8, (29,4,13), 9, 
/* out0074_had-eta14-phi3*/	4, (29,4,11), 9, (29,4,12), 5, (29,4,16), 3, (29,4,17), 4, 
/* out0075_had-eta15-phi3*/	3, (29,3,18), 1, (29,3,19), 7, (29,4,17), 9, 
/* out0076_had-eta16-phi3*/	2, (29,3,19), 7, (29,3,110), 7, 
/* out0077_had-eta17-phi3*/	3, (29,3,12), 1, (29,3,16), 5, (29,3,110), 6, 
/* out0078_had-eta18-phi3*/	4, (29,3,14), 1, (29,3,15), 2, (29,3,16), 6, (29,3,17), 1, 
/* out0079_had-eta19-phi3*/	1, (29,3,14), 9, 
/* out0080_had-eta0-phi4*/	0, 
/* out0081_had-eta1-phi4*/	1, (44,4,20), 5, 
/* out0082_had-eta2-phi4*/	5, (29,11,40), 2, (29,11,42), 2, (29,11,52), 1, (44,3,20), 1, (44,4,20), 3, 
/* out0083_had-eta3-phi4*/	9, (29,10,30), 1, (29,10,40), 3, (29,10,42), 6, (29,11,40), 14, (29,11,41), 11, (29,11,42), 3, (29,11,51), 1, (29,11,52), 5, (44,3,20), 5, 
/* out0084_had-eta4-phi4*/	7, (29,9,30), 3, (29,9,42), 1, (29,10,40), 5, (29,10,41), 14, (29,10,42), 10, (44,2,20), 2, (44,3,20), 2, 
/* out0085_had-eta5-phi4*/	7, (29,8,30), 1, (29,8,32), 1, (29,9,30), 10, (29,9,31), 3, (29,9,41), 3, (29,9,42), 9, (44,2,20), 4, 
/* out0086_had-eta6-phi4*/	6, (29,8,30), 12, (29,8,31), 4, (29,8,32), 7, (29,9,41), 1, (44,1,20), 2, (44,2,20), 2, 
/* out0087_had-eta7-phi4*/	4, (29,7,20), 2, (29,7,32), 9, (29,8,31), 8, (44,1,20), 3, 
/* out0088_had-eta8-phi4*/	5, (29,6,20), 2, (29,7,20), 1, (29,7,31), 7, (29,7,32), 6, (44,1,20), 2, 
/* out0089_had-eta9-phi4*/	4, (29,6,20), 11, (29,7,31), 1, (44,0,20), 3, (44,1,20), 1, 
/* out0090_had-eta10-phi4*/	7, (29,5,23), 4, (29,5,28), 1, (29,5,29), 9, (29,6,20), 2, (29,6,21), 4, (29,6,32), 1, (44,0,20), 5, 
/* out0091_had-eta11-phi4*/	7, (29,5,22), 8, (29,5,23), 2, (29,5,26), 1, (29,5,28), 2, (29,5,29), 7, (29,5,210), 15, (29,5,211), 1, 
/* out0092_had-eta12-phi4*/	5, (29,5,24), 6, (29,5,25), 6, (29,5,26), 14, (29,5,27), 3, (29,5,210), 1, 
/* out0093_had-eta13-phi4*/	3, (29,4,10), 8, (29,5,24), 8, (29,4,28), 7, 
/* out0094_had-eta14-phi4*/	4, (29,4,10), 2, (29,4,11), 5, (29,4,28), 3, (29,4,211), 10, 
/* out0095_had-eta15-phi4*/	5, (29,3,13), 6, (29,3,19), 2, (29,4,11), 1, (29,4,25), 6, (29,4,211), 2, 
/* out0096_had-eta16-phi4*/	2, (29,3,12), 4, (29,3,13), 10, 
/* out0097_had-eta17-phi4*/	3, (29,3,11), 1, (29,3,12), 10, (29,3,16), 1, 
/* out0098_had-eta18-phi4*/	4, (29,3,11), 1, (29,3,12), 1, (29,3,16), 3, (29,3,17), 6, 
/* out0099_had-eta19-phi4*/	2, (29,3,14), 2, (29,3,17), 4, 
/* out0100_had-eta0-phi5*/	0, 
/* out0101_had-eta1-phi5*/	1, (44,4,20), 5, 
/* out0102_had-eta2-phi5*/	4, (29,11,50), 2, (29,11,52), 3, (44,3,20), 1, (44,4,20), 3, 
/* out0103_had-eta3-phi5*/	6, (29,10,52), 4, (29,10,40), 1, (29,11,50), 14, (29,11,51), 15, (29,11,52), 7, (44,3,20), 5, 
/* out0104_had-eta4-phi5*/	8, (29,10,51), 7, (29,10,52), 12, (29,9,40), 2, (29,9,42), 2, (29,10,40), 7, (29,10,41), 2, (44,2,20), 2, (44,3,20), 2, 
/* out0105_had-eta5-phi5*/	4, (29,9,40), 14, (29,9,41), 9, (29,9,42), 4, (44,2,20), 4, 
/* out0106_had-eta6-phi5*/	6, (29,8,30), 3, (29,8,41), 1, (29,8,42), 15, (29,9,41), 3, (44,1,20), 2, (44,2,20), 2, 
/* out0107_had-eta7-phi5*/	5, (29,7,30), 9, (29,7,32), 1, (29,8,41), 7, (29,8,42), 1, (44,1,20), 3, 
/* out0108_had-eta8-phi5*/	4, (29,7,30), 7, (29,7,31), 7, (29,6,32), 1, (44,1,20), 2, 
/* out0109_had-eta9-phi5*/	4, (29,7,31), 1, (29,6,32), 12, (44,0,20), 3, (44,1,20), 1, 
/* out0110_had-eta10-phi5*/	4, (29,5,23), 4, (29,6,31), 7, (29,6,32), 2, (44,0,20), 5, 
/* out0111_had-eta11-phi5*/	4, (29,5,20), 16, (29,5,21), 5, (29,5,22), 6, (29,5,23), 6, 
/* out0112_had-eta12-phi5*/	5, (29,5,21), 11, (29,5,22), 2, (29,5,26), 1, (29,5,27), 12, (29,4,29), 1, 
/* out0113_had-eta13-phi5*/	5, (29,5,24), 1, (29,5,27), 1, (29,4,28), 6, (29,4,29), 14, (29,4,210), 4, 
/* out0114_had-eta14-phi5*/	3, (29,4,26), 5, (29,4,210), 11, (29,4,211), 4, 
/* out0115_had-eta15-phi5*/	3, (29,4,24), 4, (29,4,25), 10, (29,4,26), 2, 
/* out0116_had-eta16-phi5*/	2, (29,3,10), 11, (29,4,24), 3, 
/* out0117_had-eta17-phi5*/	2, (29,3,10), 5, (29,3,11), 7, 
/* out0118_had-eta18-phi5*/	2, (29,3,11), 7, (29,3,17), 3, 
/* out0119_had-eta19-phi5*/	1, (29,3,17), 2, 
/* out0120_had-eta0-phi6*/	0, 
/* out0121_had-eta1-phi6*/	1, (44,4,30), 5, 
/* out0122_had-eta2-phi6*/	4, (29,11,60), 3, (29,11,62), 2, (44,3,30), 1, (44,4,30), 3, 
/* out0123_had-eta3-phi6*/	6, (29,10,50), 4, (29,10,62), 1, (29,11,60), 7, (29,11,61), 15, (29,11,62), 14, (44,3,30), 5, 
/* out0124_had-eta4-phi6*/	8, (29,9,50), 2, (29,9,52), 2, (29,10,50), 12, (29,10,51), 8, (29,10,61), 2, (29,10,62), 7, (44,2,30), 2, (44,3,30), 2, 
/* out0125_had-eta5-phi6*/	5, (29,9,50), 4, (29,9,51), 9, (29,9,52), 14, (29,10,51), 1, (44,2,30), 4, 
/* out0126_had-eta6-phi6*/	6, (29,8,52), 3, (29,8,40), 15, (29,8,41), 1, (29,9,51), 3, (44,1,30), 2, (44,2,30), 2, 
/* out0127_had-eta7-phi6*/	5, (29,7,40), 1, (29,7,42), 9, (29,8,40), 1, (29,8,41), 7, (44,1,30), 3, 
/* out0128_had-eta8-phi6*/	4, (29,6,30), 1, (29,7,41), 7, (29,7,42), 7, (44,1,30), 2, 
/* out0129_had-eta9-phi6*/	4, (29,6,30), 11, (29,7,41), 1, (44,0,30), 3, (44,1,30), 1, 
/* out0130_had-eta10-phi6*/	4, (29,5,39), 4, (29,6,30), 2, (29,6,31), 8, (44,0,30), 5, 
/* out0131_had-eta11-phi6*/	5, (29,5,38), 16, (29,5,39), 6, (29,5,310), 6, (29,5,311), 5, (29,6,31), 1, 
/* out0132_had-eta12-phi6*/	5, (29,4,23), 2, (29,5,35), 12, (29,5,36), 1, (29,5,310), 2, (29,5,311), 11, 
/* out0133_had-eta13-phi6*/	6, (29,4,20), 4, (29,4,22), 4, (29,4,23), 14, (29,4,29), 1, (29,5,34), 1, (29,5,35), 1, 
/* out0134_had-eta14-phi6*/	4, (29,4,21), 3, (29,4,22), 12, (29,4,26), 6, (29,4,210), 1, 
/* out0135_had-eta15-phi6*/	3, (29,4,24), 5, (29,4,26), 3, (29,4,27), 9, 
/* out0136_had-eta16-phi6*/	2, (29,4,24), 4, (29,3,28), 11, 
/* out0137_had-eta17-phi6*/	2, (29,3,28), 5, (29,3,211), 7, 
/* out0138_had-eta18-phi6*/	2, (29,3,25), 3, (29,3,211), 7, 
/* out0139_had-eta19-phi6*/	1, (29,3,25), 2, 
/* out0140_had-eta0-phi7*/	0, 
/* out0141_had-eta1-phi7*/	1, (44,4,30), 5, 
/* out0142_had-eta2-phi7*/	5, (29,11,60), 1, (29,11,70), 2, (29,11,72), 2, (44,3,30), 1, (44,4,30), 3, 
/* out0143_had-eta3-phi7*/	9, (29,10,72), 1, (29,10,60), 6, (29,10,62), 3, (29,11,60), 5, (29,11,61), 1, (29,11,70), 3, (29,11,71), 11, (29,11,72), 14, (44,3,30), 5, 
/* out0144_had-eta4-phi7*/	7, (29,9,62), 3, (29,9,50), 1, (29,10,60), 10, (29,10,61), 14, (29,10,62), 5, (44,2,30), 2, (44,3,30), 2, 
/* out0145_had-eta5-phi7*/	7, (29,8,50), 1, (29,8,52), 1, (29,9,61), 3, (29,9,62), 10, (29,9,50), 9, (29,9,51), 3, (44,2,30), 4, 
/* out0146_had-eta6-phi7*/	6, (29,8,50), 7, (29,8,51), 4, (29,8,52), 12, (29,9,51), 1, (44,1,30), 2, (44,2,30), 2, 
/* out0147_had-eta7-phi7*/	4, (29,7,40), 9, (29,8,51), 8, (29,7,52), 2, (44,1,30), 3, 
/* out0148_had-eta8-phi7*/	5, (29,7,40), 6, (29,7,41), 7, (29,6,42), 2, (29,7,52), 1, (44,1,30), 2, 
/* out0149_had-eta9-phi7*/	5, (29,6,30), 1, (29,7,41), 1, (29,6,42), 11, (44,0,30), 3, (44,1,30), 1, 
/* out0150_had-eta10-phi7*/	7, (29,5,30), 1, (29,5,33), 9, (29,5,39), 4, (29,6,30), 1, (29,6,41), 4, (29,6,42), 2, (44,0,30), 5, 
/* out0151_had-eta11-phi7*/	7, (29,5,30), 2, (29,5,31), 1, (29,5,32), 15, (29,5,33), 7, (29,5,36), 1, (29,5,39), 2, (29,5,310), 8, 
/* out0152_had-eta12-phi7*/	5, (29,5,32), 1, (29,5,34), 6, (29,5,35), 3, (29,5,36), 14, (29,5,37), 6, 
/* out0153_had-eta13-phi7*/	3, (29,4,20), 9, (29,5,34), 8, (29,4,38), 8, 
/* out0154_had-eta14-phi7*/	4, (29,4,20), 3, (29,4,21), 11, (29,4,38), 2, (29,4,311), 5, 
/* out0155_had-eta15-phi7*/	5, (29,4,21), 2, (29,4,27), 7, (29,3,23), 2, (29,3,29), 6, (29,4,311), 1, 
/* out0156_had-eta16-phi7*/	2, (29,3,29), 10, (29,3,210), 4, 
/* out0157_had-eta17-phi7*/	3, (29,3,26), 1, (29,3,210), 10, (29,3,211), 1, 
/* out0158_had-eta18-phi7*/	4, (29,3,25), 6, (29,3,26), 3, (29,3,210), 1, (29,3,211), 1, 
/* out0159_had-eta19-phi7*/	2, (29,3,24), 2, (29,3,25), 4, 
/* out0160_had-eta0-phi8*/	0, 
/* out0161_had-eta1-phi8*/	1, (44,4,40), 5, 
/* out0162_had-eta2-phi8*/	4, (29,11,81), 4, (29,11,70), 3, (44,3,40), 1, (44,4,40), 3, 
/* out0163_had-eta3-phi8*/	7, (29,10,70), 9, (29,10,72), 8, (29,11,80), 7, (29,11,81), 12, (29,11,70), 8, (29,11,71), 5, (44,3,40), 5, 
/* out0164_had-eta4-phi8*/	8, (29,9,60), 7, (29,9,62), 1, (29,10,70), 2, (29,10,71), 14, (29,10,72), 7, (29,9,72), 2, (44,2,40), 2, (44,3,40), 2, 
/* out0165_had-eta5-phi8*/	6, (29,9,60), 9, (29,9,61), 12, (29,9,62), 2, (29,8,62), 3, (29,9,72), 1, (44,2,40), 4, 
/* out0166_had-eta6-phi8*/	7, (29,8,50), 8, (29,8,51), 2, (29,9,61), 1, (29,8,61), 2, (29,8,62), 10, (44,1,40), 2, (44,2,40), 2, 
/* out0167_had-eta7-phi8*/	4, (29,8,51), 2, (29,7,50), 5, (29,7,52), 10, (44,1,40), 3, 
/* out0168_had-eta8-phi8*/	4, (29,6,40), 3, (29,7,51), 9, (29,7,52), 3, (44,1,40), 2, 
/* out0169_had-eta9-phi8*/	5, (29,6,40), 10, (29,6,41), 2, (29,6,42), 1, (44,0,40), 3, (44,1,40), 1, 
/* out0170_had-eta10-phi8*/	4, (29,5,30), 2, (29,5,42), 1, (29,6,41), 9, (44,0,40), 5, 
/* out0171_had-eta11-phi8*/	3, (29,5,30), 11, (29,5,31), 9, (29,5,42), 4, 
/* out0172_had-eta12-phi8*/	6, (29,5,31), 6, (29,5,34), 1, (29,5,37), 10, (29,4,33), 2, (29,4,39), 7, (29,5,42), 1, 
/* out0173_had-eta13-phi8*/	4, (29,4,38), 6, (29,4,39), 9, (29,4,310), 8, (29,4,311), 1, 
/* out0174_had-eta14-phi8*/	4, (29,4,35), 4, (29,4,36), 3, (29,4,310), 5, (29,4,311), 9, 
/* out0175_had-eta15-phi8*/	3, (29,3,20), 1, (29,3,23), 7, (29,4,35), 9, 
/* out0176_had-eta16-phi8*/	2, (29,3,22), 7, (29,3,23), 7, 
/* out0177_had-eta17-phi8*/	3, (29,3,22), 6, (29,3,26), 5, (29,3,210), 1, 
/* out0178_had-eta18-phi8*/	4, (29,3,24), 2, (29,3,25), 1, (29,3,26), 6, (29,3,27), 2, 
/* out0179_had-eta19-phi8*/	1, (29,3,24), 8, 
/* out0180_had-eta0-phi9*/	0, 
/* out0181_had-eta1-phi9*/	1, (44,4,40), 5, 
/* out0182_had-eta2-phi9*/	2, (44,3,40), 1, (44,4,40), 3, 
/* out0183_had-eta3-phi9*/	6, (29,10,70), 3, (29,11,80), 9, (29,10,80), 7, (29,10,81), 2, (29,10,82), 14, (44,3,40), 5, 
/* out0184_had-eta4-phi9*/	8, (29,10,70), 2, (29,10,71), 2, (29,9,70), 11, (29,9,72), 9, (29,10,81), 7, (29,10,82), 2, (44,2,40), 2, (44,3,40), 2, 
/* out0185_had-eta5-phi9*/	6, (29,8,60), 8, (29,8,62), 1, (29,9,71), 14, (29,9,72), 4, (29,8,72), 1, (44,2,40), 4, 
/* out0186_had-eta6-phi9*/	6, (29,8,60), 8, (29,8,61), 12, (29,8,62), 2, (29,7,62), 1, (44,1,40), 2, (44,2,40), 2, 
/* out0187_had-eta7-phi9*/	4, (29,7,50), 10, (29,8,61), 2, (29,7,62), 7, (44,1,40), 3, 
/* out0188_had-eta8-phi9*/	5, (29,7,50), 1, (29,7,51), 7, (29,6,50), 1, (29,6,52), 7, (44,1,40), 2, 
/* out0189_had-eta9-phi9*/	5, (29,6,40), 3, (29,6,51), 2, (29,6,52), 8, (44,0,40), 3, (44,1,40), 1, 
/* out0190_had-eta10-phi9*/	5, (29,5,40), 4, (29,5,42), 5, (29,6,41), 1, (29,6,51), 1, (44,0,40), 5, 
/* out0191_had-eta11-phi9*/	3, (29,5,40), 1, (29,5,41), 3, (29,5,42), 5, 
/* out0192_had-eta12-phi9*/	3, (29,4,30), 4, (29,4,33), 9, (29,5,41), 4, 
/* out0193_had-eta13-phi9*/	5, (29,4,30), 2, (29,4,31), 1, (29,4,32), 14, (29,4,33), 5, (29,4,310), 2, 
/* out0194_had-eta14-phi9*/	6, (29,4,32), 2, (29,4,34), 1, (29,4,35), 1, (29,4,36), 13, (29,4,37), 3, (29,4,310), 1, 
/* out0195_had-eta15-phi9*/	3, (29,3,20), 3, (29,4,34), 12, (29,4,35), 2, 
/* out0196_had-eta16-phi9*/	2, (29,3,20), 11, (29,3,21), 3, 
/* out0197_had-eta17-phi9*/	4, (29,3,21), 8, (29,3,22), 3, (29,3,26), 1, (29,3,27), 1, 
/* out0198_had-eta18-phi9*/	1, (29,3,27), 10, 
/* out0199_had-eta19-phi9*/	2, (29,3,24), 4, (29,2,24), 14, 
/* out0200_had-eta0-phi10*/	0, 
/* out0201_had-eta1-phi10*/	1, (44,4,50), 5, 
/* out0202_had-eta2-phi10*/	4, (29,10,90), 3, (29,10,92), 2, (44,3,50), 1, (44,4,50), 3, 
/* out0203_had-eta3-phi10*/	8, (29,10,80), 9, (29,10,81), 3, (29,9,80), 2, (29,9,82), 1, (29,10,90), 2, (29,10,91), 6, (29,10,92), 14, (44,3,50), 5, 
/* out0204_had-eta4-phi10*/	7, (29,9,70), 4, (29,10,81), 4, (29,9,80), 5, (29,9,81), 6, (29,9,82), 15, (44,2,50), 2, (44,3,50), 2, 
/* out0205_had-eta5-phi10*/	7, (29,9,70), 1, (29,9,71), 2, (29,8,70), 9, (29,8,71), 1, (29,8,72), 11, (29,9,81), 2, (44,2,50), 4, 
/* out0206_had-eta6-phi10*/	6, (29,7,60), 7, (29,7,62), 2, (29,8,71), 9, (29,8,72), 4, (44,1,50), 2, (44,2,50), 2, 
/* out0207_had-eta7-phi10*/	4, (29,7,60), 5, (29,7,61), 9, (29,7,62), 6, (44,1,50), 3, 
/* out0208_had-eta8-phi10*/	3, (29,6,50), 11, (29,7,61), 4, (44,1,50), 2, 
/* out0209_had-eta9-phi10*/	5, (29,6,50), 2, (29,6,51), 10, (29,6,52), 1, (44,0,50), 3, (44,1,50), 1, 
/* out0210_had-eta10-phi10*/	4, (29,5,40), 7, (29,5,52), 2, (29,6,51), 2, (44,0,50), 5, 
/* out0211_had-eta11-phi10*/	2, (29,5,40), 4, (29,5,41), 5, 
/* out0212_had-eta12-phi10*/	4, (29,4,30), 4, (29,5,41), 4, (29,4,48), 10, (29,4,49), 1, 
/* out0213_had-eta13-phi10*/	4, (29,4,30), 6, (29,4,31), 10, (29,4,48), 4, (29,4,411), 3, 
/* out0214_had-eta14-phi10*/	3, (29,4,31), 5, (29,4,37), 13, (29,3,39), 2, 
/* out0215_had-eta15-phi10*/	3, (29,4,34), 3, (29,3,38), 9, (29,3,39), 5, 
/* out0216_had-eta16-phi10*/	3, (29,3,20), 1, (29,3,38), 7, (29,3,311), 6, 
/* out0217_had-eta17-phi10*/	3, (29,3,21), 5, (29,3,35), 1, (29,3,311), 5, 
/* out0218_had-eta18-phi10*/	3, (29,3,27), 3, (29,2,23), 1, (29,2,25), 6, 
/* out0219_had-eta19-phi10*/	3, (29,2,24), 2, (29,2,25), 8, (29,2,26), 1, 
/* out0220_had-eta0-phi11*/	0, 
/* out0221_had-eta1-phi11*/	1, (44,4,50), 5, 
/* out0222_had-eta2-phi11*/	3, (29,10,90), 3, (44,3,50), 1, (44,4,50), 3, 
/* out0223_had-eta3-phi11*/	4, (29,9,80), 1, (29,10,90), 8, (29,10,91), 10, (44,3,50), 5, 
/* out0224_had-eta4-phi11*/	6, (29,8,80), 3, (29,8,82), 4, (29,9,80), 8, (29,9,81), 7, (44,2,50), 2, (44,3,50), 2, 
/* out0225_had-eta5-phi11*/	7, (29,7,70), 1, (29,8,81), 4, (29,8,82), 12, (29,8,70), 7, (29,8,71), 2, (29,9,81), 1, (44,2,50), 4, 
/* out0226_had-eta6-phi11*/	7, (29,7,70), 3, (29,7,71), 1, (29,7,72), 14, (29,7,60), 1, (29,8,71), 4, (44,1,50), 2, (44,2,50), 2, 
/* out0227_had-eta7-phi11*/	7, (29,6,60), 3, (29,6,62), 3, (29,7,71), 3, (29,7,72), 2, (29,7,60), 3, (29,7,61), 3, (44,1,50), 3, 
/* out0228_had-eta8-phi11*/	5, (29,6,60), 1, (29,6,61), 2, (29,6,62), 12, (29,6,50), 1, (44,1,50), 2, 
/* out0229_had-eta9-phi11*/	8, (29,5,50), 3, (29,5,52), 4, (29,6,61), 2, (29,6,62), 1, (29,6,50), 1, (29,6,51), 1, (44,0,50), 3, (44,1,50), 1, 
/* out0230_had-eta10-phi11*/	3, (29,5,51), 1, (29,5,52), 9, (44,0,50), 5, 
/* out0231_had-eta11-phi11*/	4, (29,4,43), 9, (29,4,49), 5, (29,5,51), 3, (29,5,52), 1, 
/* out0232_had-eta12-phi11*/	6, (29,4,42), 4, (29,4,43), 2, (29,4,48), 2, (29,4,49), 10, (29,4,410), 11, (29,4,411), 1, 
/* out0233_had-eta13-phi11*/	4, (29,4,45), 6, (29,4,46), 3, (29,4,410), 5, (29,4,411), 11, 
/* out0234_had-eta14-phi11*/	4, (29,3,33), 10, (29,3,39), 4, (29,4,45), 6, (29,4,411), 1, 
/* out0235_had-eta15-phi11*/	4, (29,3,32), 3, (29,3,33), 2, (29,3,39), 5, (29,3,310), 7, 
/* out0236_had-eta16-phi11*/	3, (29,3,36), 4, (29,3,310), 9, (29,3,311), 3, 
/* out0237_had-eta17-phi11*/	2, (29,3,35), 10, (29,3,311), 2, 
/* out0238_had-eta18-phi11*/	2, (29,2,23), 9, (29,3,35), 1, 
/* out0239_had-eta19-phi11*/	4, (29,2,22), 5, (29,2,23), 2, (29,2,25), 2, (29,2,26), 15, 
/* out0240_had-eta0-phi12*/	0, 
/* out0241_had-eta1-phi12*/	1, (44,4,60), 5, 
/* out0242_had-eta2-phi12*/	4, (29,9,100), 2, (29,9,102), 1, (44,3,60), 1, (44,4,60), 3, 
/* out0243_had-eta3-phi12*/	5, (29,8,90), 1, (29,9,100), 1, (29,9,101), 2, (29,9,102), 15, (44,3,60), 5, 
/* out0244_had-eta4-phi12*/	5, (29,8,80), 8, (29,8,90), 1, (29,8,92), 14, (44,2,60), 2, (44,3,60), 2, 
/* out0245_had-eta5-phi12*/	8, (29,7,70), 1, (29,8,80), 5, (29,8,81), 12, (29,7,80), 1, (29,7,82), 8, (29,8,91), 1, (29,8,92), 1, (44,2,60), 4, 
/* out0246_had-eta6-phi12*/	6, (29,7,70), 11, (29,7,71), 6, (29,6,72), 1, (29,7,82), 4, (44,1,60), 2, (44,2,60), 2, 
/* out0247_had-eta7-phi12*/	4, (29,6,60), 7, (29,7,71), 6, (29,6,72), 6, (44,1,60), 3, 
/* out0248_had-eta8-phi12*/	4, (29,6,60), 5, (29,6,61), 9, (29,5,62), 1, (44,1,60), 2, 
/* out0249_had-eta9-phi12*/	5, (29,5,50), 8, (29,6,61), 3, (29,5,62), 3, (44,0,60), 3, (44,1,60), 1, 
/* out0250_had-eta10-phi12*/	3, (29,5,50), 4, (29,5,51), 7, (44,0,60), 5, 
/* out0251_had-eta11-phi12*/	4, (29,4,40), 12, (29,4,43), 3, (29,4,52), 1, (29,5,51), 4, 
/* out0252_had-eta12-phi12*/	6, (29,4,40), 3, (29,4,41), 8, (29,4,42), 12, (29,4,43), 2, (29,4,46), 4, (29,4,47), 1, 
/* out0253_had-eta13-phi12*/	4, (29,4,44), 7, (29,4,45), 3, (29,4,46), 9, (29,4,47), 5, 
/* out0254_had-eta14-phi12*/	4, (29,3,30), 11, (29,3,33), 3, (29,4,44), 6, (29,4,45), 1, 
/* out0255_had-eta15-phi12*/	4, (29,3,30), 1, (29,3,31), 3, (29,3,32), 12, (29,3,33), 1, 
/* out0256_had-eta16-phi12*/	3, (29,3,32), 1, (29,3,36), 12, (29,3,37), 2, 
/* out0257_had-eta17-phi12*/	2, (29,3,34), 8, (29,3,35), 4, 
/* out0258_had-eta18-phi12*/	3, (29,2,20), 6, (29,2,23), 3, (29,3,34), 1, 
/* out0259_had-eta19-phi12*/	4, (29,2,20), 1, (29,2,21), 1, (29,2,22), 10, (29,2,23), 1, 
/* out0260_had-eta0-phi13*/	0, 
/* out0261_had-eta1-phi13*/	1, (44,4,60), 5, 
/* out0262_had-eta2-phi13*/	3, (29,9,100), 4, (44,3,60), 1, (44,4,60), 3, 
/* out0263_had-eta3-phi13*/	6, (29,8,90), 2, (29,9,100), 9, (29,9,101), 14, (29,8,100), 2, (29,8,102), 10, (44,3,60), 5, 
/* out0264_had-eta4-phi13*/	7, (29,8,90), 12, (29,8,91), 12, (29,8,92), 1, (29,7,92), 3, (29,8,102), 4, (44,2,60), 2, (44,3,60), 2, 
/* out0265_had-eta5-phi13*/	6, (29,7,80), 15, (29,7,81), 4, (29,7,82), 3, (29,8,91), 3, (29,7,92), 3, (44,2,60), 4, 
/* out0266_had-eta6-phi13*/	7, (29,6,70), 9, (29,6,72), 1, (29,7,81), 11, (29,7,82), 1, (29,6,82), 1, (44,1,60), 2, (44,2,60), 2, 
/* out0267_had-eta7-phi13*/	4, (29,6,70), 4, (29,6,71), 7, (29,6,72), 7, (44,1,60), 3, 
/* out0268_had-eta8-phi13*/	5, (29,5,60), 7, (29,5,62), 4, (29,6,71), 3, (29,6,72), 1, (44,1,60), 2, 
/* out0269_had-eta9-phi13*/	5, (29,5,60), 1, (29,5,61), 4, (29,5,62), 8, (44,0,60), 3, (44,1,60), 1, 
/* out0270_had-eta10-phi13*/	6, (29,4,50), 3, (29,4,52), 3, (29,5,50), 1, (29,5,51), 1, (29,5,61), 2, (44,0,60), 5, 
/* out0271_had-eta11-phi13*/	1, (29,4,52), 9, 
/* out0272_had-eta12-phi13*/	7, (29,4,40), 1, (29,4,41), 8, (29,4,47), 4, (29,3,43), 2, (29,3,49), 1, (29,4,51), 1, (29,4,52), 2, 
/* out0273_had-eta13-phi13*/	4, (29,4,44), 3, (29,4,47), 6, (29,3,48), 4, (29,3,49), 13, 
/* out0274_had-eta14-phi13*/	4, (29,3,30), 3, (29,3,48), 12, (29,3,410), 1, (29,3,411), 4, 
/* out0275_had-eta15-phi13*/	4, (29,3,30), 1, (29,3,31), 13, (29,3,37), 1, (29,3,411), 3, 
/* out0276_had-eta16-phi13*/	2, (29,2,39), 1, (29,3,37), 13, 
/* out0277_had-eta17-phi13*/	2, (29,2,38), 5, (29,3,34), 7, 
/* out0278_had-eta18-phi13*/	2, (29,2,20), 7, (29,2,38), 3, 
/* out0279_had-eta19-phi13*/	3, (29,2,20), 2, (29,2,21), 10, (29,2,22), 1, 
/* out0280_had-eta0-phi14*/	0, 
/* out0281_had-eta1-phi14*/	1, (44,4,70), 5, 
/* out0282_had-eta2-phi14*/	2, (44,3,70), 1, (44,4,70), 3, 
/* out0283_had-eta3-phi14*/	7, (29,8,100), 14, (29,8,101), 8, (29,8,102), 2, (29,7,102), 2, (29,8,110), 1, (29,8,111), 16, (44,3,70), 5, 
/* out0284_had-eta4-phi14*/	7, (29,7,90), 15, (29,7,91), 2, (29,7,92), 4, (29,8,101), 8, (29,7,102), 5, (44,2,70), 2, (44,3,70), 2, 
/* out0285_had-eta5-phi14*/	6, (29,7,81), 1, (29,6,80), 7, (29,6,82), 1, (29,7,91), 12, (29,7,92), 6, (44,2,70), 4, 
/* out0286_had-eta6-phi14*/	6, (29,6,70), 1, (29,6,80), 3, (29,6,81), 5, (29,6,82), 13, (44,1,70), 2, (44,2,70), 2, 
/* out0287_had-eta7-phi14*/	7, (29,6,70), 2, (29,6,71), 5, (29,5,70), 3, (29,5,72), 7, (29,6,81), 1, (29,6,82), 1, (44,1,70), 3, 
/* out0288_had-eta8-phi14*/	4, (29,5,60), 7, (29,6,71), 1, (29,5,72), 7, (44,1,70), 2, 
/* out0289_had-eta9-phi14*/	5, (29,5,60), 1, (29,5,61), 9, (29,4,62), 3, (44,0,70), 3, (44,1,70), 1, 
/* out0290_had-eta10-phi14*/	4, (29,4,50), 9, (29,5,61), 1, (29,4,62), 1, (44,0,70), 5, 
/* out0291_had-eta11-phi14*/	3, (29,4,50), 2, (29,4,51), 6, (29,4,52), 1, 
/* out0292_had-eta12-phi14*/	3, (29,3,40), 5, (29,3,43), 7, (29,4,51), 4, 
/* out0293_had-eta13-phi14*/	4, (29,3,42), 10, (29,3,43), 7, (29,3,49), 2, (29,3,410), 6, 
/* out0294_had-eta14-phi14*/	4, (29,3,45), 2, (29,3,46), 6, (29,3,410), 9, (29,3,411), 4, 
/* out0295_had-eta15-phi14*/	3, (29,2,33), 3, (29,3,45), 9, (29,3,411), 5, 
/* out0296_had-eta16-phi14*/	3, (29,2,33), 4, (29,2,39), 10, (29,2,310), 1, 
/* out0297_had-eta17-phi14*/	3, (29,2,38), 4, (29,2,39), 5, (29,2,310), 3, 
/* out0298_had-eta18-phi14*/	2, (29,2,38), 4, (29,2,311), 6, 
/* out0299_had-eta19-phi14*/	2, (29,2,21), 5, (29,2,311), 4, 
/* out0300_had-eta0-phi15*/	0, 
/* out0301_had-eta1-phi15*/	1, (44,4,70), 5, 
/* out0302_had-eta2-phi15*/	5, (29,8,110), 2, (29,7,110), 2, (29,7,112), 1, (44,3,70), 1, (44,4,70), 3, 
/* out0303_had-eta3-phi15*/	6, (29,7,100), 15, (29,7,101), 1, (29,7,102), 1, (29,8,110), 13, (29,7,112), 11, (44,3,70), 5, 
/* out0304_had-eta4-phi15*/	9, (29,7,90), 1, (29,7,91), 1, (29,6,90), 7, (29,6,92), 1, (29,7,100), 1, (29,7,101), 15, (29,7,102), 8, (44,2,70), 2, (44,3,70), 2, 
/* out0305_had-eta5-phi15*/	6, (29,6,80), 3, (29,7,91), 1, (29,6,90), 3, (29,6,91), 5, (29,6,92), 15, (44,2,70), 4, 
/* out0306_had-eta6-phi15*/	6, (29,6,80), 3, (29,6,81), 10, (29,5,80), 2, (29,5,82), 8, (44,1,70), 2, (44,2,70), 2, 
/* out0307_had-eta7-phi15*/	5, (29,5,70), 13, (29,5,71), 3, (29,5,72), 1, (29,5,82), 2, (44,1,70), 3, 
/* out0308_had-eta8-phi15*/	4, (29,4,60), 3, (29,5,71), 11, (29,5,72), 1, (44,1,70), 2, 
/* out0309_had-eta9-phi15*/	5, (29,4,60), 6, (29,4,61), 1, (29,4,62), 6, (44,0,70), 3, (44,1,70), 1, 
/* out0310_had-eta10-phi15*/	5, (29,3,53), 2, (29,4,50), 2, (29,4,61), 3, (29,4,62), 6, (44,0,70), 5, 
/* out0311_had-eta11-phi15*/	4, (29,3,53), 3, (29,3,58), 3, (29,3,59), 15, (29,4,51), 4, 
/* out0312_had-eta12-phi15*/	4, (29,3,40), 9, (29,3,58), 13, (29,3,511), 3, (29,4,51), 1, 
/* out0313_had-eta13-phi15*/	5, (29,3,40), 2, (29,3,41), 13, (29,3,42), 6, (29,3,46), 2, (29,3,47), 3, 
/* out0314_had-eta14-phi15*/	4, (29,3,44), 5, (29,3,45), 2, (29,3,46), 8, (29,3,47), 6, 
/* out0315_had-eta15-phi15*/	4, (29,2,30), 5, (29,2,33), 3, (29,3,44), 6, (29,3,45), 3, 
/* out0316_had-eta16-phi15*/	4, (29,2,30), 1, (29,2,32), 7, (29,2,33), 6, (29,2,310), 1, 
/* out0317_had-eta17-phi15*/	3, (29,2,32), 3, (29,2,36), 2, (29,2,310), 8, 
/* out0318_had-eta18-phi15*/	4, (29,2,35), 2, (29,2,36), 2, (29,2,310), 3, (29,2,311), 3, 
/* out0319_had-eta19-phi15*/	2, (29,2,35), 5, (29,2,311), 3, 
/* out0320_had-eta0-phi16*/	0, 
/* out0321_had-eta1-phi16*/	1, (44,4,80), 5, 
/* out0322_had-eta2-phi16*/	3, (29,7,110), 5, (44,3,80), 1, (44,4,80), 3, 
/* out0323_had-eta3-phi16*/	8, (29,6,100), 9, (29,6,102), 1, (29,6,110), 1, (29,6,112), 6, (29,7,110), 9, (29,7,111), 16, (29,7,112), 4, (44,3,80), 5, 
/* out0324_had-eta4-phi16*/	7, (29,6,90), 4, (29,5,90), 1, (29,6,100), 5, (29,6,101), 8, (29,6,102), 15, (44,2,80), 2, (44,3,80), 2, 
/* out0325_had-eta5-phi16*/	6, (29,5,80), 2, (29,6,90), 2, (29,6,91), 11, (29,5,90), 2, (29,5,92), 10, (44,2,80), 4, 
/* out0326_had-eta6-phi16*/	6, (29,5,80), 12, (29,5,81), 7, (29,5,82), 3, (29,5,92), 1, (44,1,80), 2, (44,2,80), 2, 
/* out0327_had-eta7-phi16*/	6, (29,5,71), 1, (29,4,70), 6, (29,4,72), 2, (29,5,81), 6, (29,5,82), 3, (44,1,80), 3, 
/* out0328_had-eta8-phi16*/	4, (29,4,60), 2, (29,5,71), 1, (29,4,72), 13, (44,1,80), 2, 
/* out0329_had-eta9-phi16*/	5, (29,4,60), 5, (29,4,61), 6, (29,4,72), 1, (44,0,80), 3, (44,1,80), 1, 
/* out0330_had-eta10-phi16*/	5, (29,3,50), 11, (29,3,53), 3, (29,4,61), 6, (29,3,62), 1, (44,0,80), 5, 
/* out0331_had-eta11-phi16*/	7, (29,3,50), 2, (29,3,51), 1, (29,3,52), 14, (29,3,53), 8, (29,3,56), 2, (29,3,59), 1, (29,3,510), 8, 
/* out0332_had-eta12-phi16*/	4, (29,3,55), 6, (29,3,56), 6, (29,3,510), 8, (29,3,511), 9, 
/* out0333_had-eta13-phi16*/	6, (29,3,41), 3, (29,3,47), 4, (29,3,55), 4, (29,3,511), 4, (29,2,43), 3, (29,2,49), 4, 
/* out0334_had-eta14-phi16*/	4, (29,3,44), 4, (29,3,47), 3, (29,2,48), 6, (29,2,49), 7, 
/* out0335_had-eta15-phi16*/	3, (29,2,30), 8, (29,3,44), 1, (29,2,48), 7, 
/* out0336_had-eta16-phi16*/	3, (29,2,30), 2, (29,2,31), 8, (29,2,32), 4, 
/* out0337_had-eta17-phi16*/	3, (29,2,32), 2, (29,2,36), 8, (29,2,37), 2, 
/* out0338_had-eta18-phi16*/	3, (29,2,34), 2, (29,2,35), 4, (29,2,36), 4, 
/* out0339_had-eta19-phi16*/	2, (29,2,34), 2, (29,2,35), 5, 
/* out0340_had-eta0-phi17*/	0, 
/* out0341_had-eta1-phi17*/	1, (44,4,80), 5, 
/* out0342_had-eta2-phi17*/	3, (29,6,110), 6, (44,3,80), 1, (44,4,80), 3, 
/* out0343_had-eta3-phi17*/	6, (29,5,100), 4, (29,6,100), 1, (29,6,110), 9, (29,6,111), 16, (29,6,112), 10, (44,3,80), 5, 
/* out0344_had-eta4-phi17*/	7, (29,5,100), 4, (29,5,102), 15, (29,5,90), 4, (29,6,100), 1, (29,6,101), 8, (44,2,80), 2, (44,3,80), 2, 
/* out0345_had-eta5-phi17*/	4, (29,5,90), 9, (29,5,91), 14, (29,5,92), 4, (44,2,80), 4, 
/* out0346_had-eta6-phi17*/	7, (29,5,81), 2, (29,4,80), 8, (29,4,82), 8, (29,5,91), 2, (29,5,92), 1, (44,1,80), 2, (44,2,80), 2, 
/* out0347_had-eta7-phi17*/	5, (29,4,70), 9, (29,4,71), 1, (29,5,81), 1, (29,4,82), 8, (44,1,80), 3, 
/* out0348_had-eta8-phi17*/	4, (29,4,70), 1, (29,4,71), 14, (29,3,60), 1, (44,1,80), 2, 
/* out0349_had-eta9-phi17*/	5, (29,4,71), 1, (29,3,60), 7, (29,3,62), 5, (44,0,80), 3, (44,1,80), 1, 
/* out0350_had-eta10-phi17*/	4, (29,3,50), 3, (29,3,51), 1, (29,3,62), 10, (44,0,80), 5, 
/* out0351_had-eta11-phi17*/	4, (29,3,51), 14, (29,3,52), 2, (29,3,56), 4, (29,3,57), 13, 
/* out0352_had-eta12-phi17*/	5, (29,3,54), 16, (29,3,55), 5, (29,3,56), 4, (29,3,57), 3, (29,2,40), 1, 
/* out0353_had-eta13-phi17*/	5, (29,3,55), 1, (29,2,40), 6, (29,2,42), 4, (29,2,43), 13, (29,2,49), 1, 
/* out0354_had-eta14-phi17*/	4, (29,2,42), 3, (29,2,48), 1, (29,2,49), 4, (29,2,410), 13, 
/* out0355_had-eta15-phi17*/	3, (29,2,48), 2, (29,2,410), 2, (29,2,411), 12, 
/* out0356_had-eta16-phi17*/	3, (29,2,31), 8, (29,2,37), 3, (29,2,411), 3, 
/* out0357_had-eta17-phi17*/	2, (29,2,34), 1, (29,2,37), 11, 
/* out0358_had-eta18-phi17*/	1, (29,2,34), 9, 
/* out0359_had-eta19-phi17*/	1, (29,2,34), 2, 
/* out0360_had-eta0-phi18*/	0, 
/* out0361_had-eta1-phi18*/	1, (44,4,90), 5, 
/* out0362_had-eta2-phi18*/	3, (29,5,110), 6, (44,3,90), 1, (44,4,90), 3, 
/* out0363_had-eta3-phi18*/	6, (29,4,100), 1, (29,5,100), 4, (29,5,110), 9, (29,5,111), 10, (29,5,112), 16, (44,3,90), 5, 
/* out0364_had-eta4-phi18*/	8, (29,4,90), 4, (29,4,100), 1, (29,4,102), 8, (29,5,100), 4, (29,5,101), 16, (29,5,102), 1, (44,2,90), 2, (44,3,90), 2, 
/* out0365_had-eta5-phi18*/	4, (29,4,90), 9, (29,4,91), 4, (29,4,92), 14, (44,2,90), 4, 
/* out0366_had-eta6-phi18*/	7, (29,3,82), 2, (29,4,80), 8, (29,4,81), 8, (29,4,91), 1, (29,4,92), 2, (44,1,90), 2, (44,2,90), 2, 
/* out0367_had-eta7-phi18*/	5, (29,3,70), 9, (29,3,72), 1, (29,3,82), 1, (29,4,81), 8, (44,1,90), 3, 
/* out0368_had-eta8-phi18*/	4, (29,3,60), 1, (29,3,70), 1, (29,3,72), 14, (44,1,90), 2, 
/* out0369_had-eta9-phi18*/	5, (29,3,60), 7, (29,3,61), 4, (29,3,72), 1, (44,0,90), 3, (44,1,90), 1, 
/* out0370_had-eta10-phi18*/	4, (29,2,50), 3, (29,2,53), 1, (29,3,61), 9, (44,0,90), 5, 
/* out0371_had-eta11-phi18*/	5, (29,2,52), 2, (29,2,53), 14, (29,2,59), 13, (29,2,510), 4, (29,3,61), 1, 
/* out0372_had-eta12-phi18*/	5, (29,2,40), 2, (29,2,58), 16, (29,2,59), 3, (29,2,510), 4, (29,2,511), 5, 
/* out0373_had-eta13-phi18*/	4, (29,2,40), 7, (29,2,41), 12, (29,2,42), 5, (29,2,511), 1, 
/* out0374_had-eta14-phi18*/	4, (29,2,42), 4, (29,2,46), 13, (29,2,47), 3, (29,2,410), 1, 
/* out0375_had-eta15-phi18*/	4, (29,2,44), 1, (29,2,45), 13, (29,2,46), 3, (29,2,411), 1, 
/* out0376_had-eta16-phi18*/	3, (29,2,45), 3, (29,1,33), 8, (29,1,39), 3, 
/* out0377_had-eta17-phi18*/	2, (29,1,38), 1, (29,1,39), 11, 
/* out0378_had-eta18-phi18*/	1, (29,1,38), 9, 
/* out0379_had-eta19-phi18*/	1, (29,1,38), 2, 
/* out0380_had-eta0-phi19*/	0, 
/* out0381_had-eta1-phi19*/	1, (44,4,90), 5, 
/* out0382_had-eta2-phi19*/	3, (29,4,110), 5, (44,3,90), 1, (44,4,90), 3, 
/* out0383_had-eta3-phi19*/	8, (29,4,100), 9, (29,4,101), 1, (29,4,110), 9, (29,4,111), 4, (29,4,112), 16, (29,5,110), 1, (29,5,111), 6, (44,3,90), 5, 
/* out0384_had-eta4-phi19*/	7, (29,3,90), 4, (29,4,90), 1, (29,4,100), 5, (29,4,101), 15, (29,4,102), 8, (44,2,90), 2, (44,3,90), 2, 
/* out0385_had-eta5-phi19*/	6, (29,3,80), 2, (29,3,90), 2, (29,3,92), 11, (29,4,90), 2, (29,4,91), 10, (44,2,90), 4, 
/* out0386_had-eta6-phi19*/	6, (29,3,80), 12, (29,3,81), 3, (29,3,82), 7, (29,4,91), 1, (44,1,90), 2, (44,2,90), 2, 
/* out0387_had-eta7-phi19*/	6, (29,3,70), 6, (29,3,71), 2, (29,3,81), 3, (29,3,82), 6, (29,2,72), 1, (44,1,90), 3, 
/* out0388_had-eta8-phi19*/	4, (29,3,71), 13, (29,2,60), 2, (29,2,72), 1, (44,1,90), 2, 
/* out0389_had-eta9-phi19*/	6, (29,3,61), 1, (29,3,71), 1, (29,2,60), 5, (29,2,62), 6, (44,0,90), 3, (44,1,90), 1, 
/* out0390_had-eta10-phi19*/	5, (29,2,50), 11, (29,2,51), 3, (29,3,61), 1, (29,2,62), 6, (44,0,90), 5, 
/* out0391_had-eta11-phi19*/	7, (29,2,50), 2, (29,2,51), 8, (29,2,52), 14, (29,2,53), 1, (29,2,56), 8, (29,2,57), 1, (29,2,510), 2, 
/* out0392_had-eta12-phi19*/	4, (29,2,55), 9, (29,2,56), 8, (29,2,510), 6, (29,2,511), 6, 
/* out0393_had-eta13-phi19*/	6, (29,2,41), 4, (29,2,47), 5, (29,2,55), 4, (29,2,511), 4, (29,1,43), 3, (29,1,49), 4, 
/* out0394_had-eta14-phi19*/	4, (29,2,44), 6, (29,2,47), 8, (29,1,48), 4, (29,1,49), 3, 
/* out0395_had-eta15-phi19*/	3, (29,2,44), 9, (29,1,30), 8, (29,1,48), 1, 
/* out0396_had-eta16-phi19*/	3, (29,1,30), 2, (29,1,32), 4, (29,1,33), 8, 
/* out0397_had-eta17-phi19*/	3, (29,1,32), 2, (29,1,39), 2, (29,1,310), 8, 
/* out0398_had-eta18-phi19*/	3, (29,1,38), 2, (29,1,310), 4, (29,1,311), 4, 
/* out0399_had-eta19-phi19*/	2, (29,1,38), 2, (29,1,311), 5, 
/* out0400_had-eta0-phi20*/	0, 
/* out0401_had-eta1-phi20*/	1, (44,4,100), 5, 
/* out0402_had-eta2-phi20*/	5, (29,3,111), 2, (29,4,110), 2, (29,4,111), 1, (44,3,100), 1, (44,4,100), 3, 
/* out0403_had-eta3-phi20*/	6, (29,3,100), 15, (29,3,101), 1, (29,3,102), 1, (29,3,111), 13, (29,4,111), 11, (44,3,100), 5, 
/* out0404_had-eta4-phi20*/	9, (29,3,90), 7, (29,3,91), 1, (29,3,100), 1, (29,3,101), 8, (29,3,102), 15, (29,2,90), 1, (29,2,92), 1, (44,2,100), 2, (44,3,100), 2, 
/* out0405_had-eta5-phi20*/	6, (29,3,90), 3, (29,3,91), 15, (29,3,92), 5, (29,2,80), 3, (29,2,92), 1, (44,2,100), 4, 
/* out0406_had-eta6-phi20*/	6, (29,3,80), 2, (29,3,81), 8, (29,2,80), 3, (29,2,82), 10, (44,1,100), 2, (44,2,100), 2, 
/* out0407_had-eta7-phi20*/	5, (29,3,81), 2, (29,2,70), 13, (29,2,71), 1, (29,2,72), 3, (44,1,100), 3, 
/* out0408_had-eta8-phi20*/	4, (29,2,60), 3, (29,2,71), 1, (29,2,72), 11, (44,1,100), 2, 
/* out0409_had-eta9-phi20*/	5, (29,2,60), 6, (29,2,61), 6, (29,2,62), 1, (44,0,100), 3, (44,1,100), 1, 
/* out0410_had-eta10-phi20*/	5, (29,2,51), 2, (29,1,50), 2, (29,2,61), 6, (29,2,62), 3, (44,0,100), 5, 
/* out0411_had-eta11-phi20*/	4, (29,2,51), 3, (29,2,54), 3, (29,2,57), 15, (29,1,52), 4, 
/* out0412_had-eta12-phi20*/	4, (29,2,54), 13, (29,2,55), 3, (29,1,40), 9, (29,1,52), 1, 
/* out0413_had-eta13-phi20*/	5, (29,1,40), 2, (29,1,42), 6, (29,1,43), 13, (29,1,49), 3, (29,1,410), 2, 
/* out0414_had-eta14-phi20*/	4, (29,1,48), 5, (29,1,49), 6, (29,1,410), 8, (29,1,411), 2, 
/* out0415_had-eta15-phi20*/	4, (29,1,30), 5, (29,1,31), 3, (29,1,48), 6, (29,1,411), 3, 
/* out0416_had-eta16-phi20*/	4, (29,1,30), 1, (29,1,31), 6, (29,1,32), 7, (29,1,36), 1, 
/* out0417_had-eta17-phi20*/	3, (29,1,32), 3, (29,1,36), 8, (29,1,310), 2, 
/* out0418_had-eta18-phi20*/	4, (29,1,35), 3, (29,1,36), 3, (29,1,310), 2, (29,1,311), 2, 
/* out0419_had-eta19-phi20*/	2, (29,1,35), 3, (29,1,311), 5, 
/* out0420_had-eta0-phi21*/	0, 
/* out0421_had-eta1-phi21*/	1, (44,4,100), 5, 
/* out0422_had-eta2-phi21*/	2, (44,3,100), 1, (44,4,100), 3, 
/* out0423_had-eta3-phi21*/	7, (29,3,101), 2, (29,3,110), 16, (29,3,111), 1, (29,2,100), 14, (29,2,101), 2, (29,2,102), 8, (44,3,100), 5, 
/* out0424_had-eta4-phi21*/	7, (29,3,101), 5, (29,2,90), 15, (29,2,91), 4, (29,2,92), 2, (29,2,102), 8, (44,2,100), 2, (44,3,100), 2, 
/* out0425_had-eta5-phi21*/	6, (29,2,80), 7, (29,2,81), 1, (29,2,91), 6, (29,2,92), 12, (29,1,82), 1, (44,2,100), 4, 
/* out0426_had-eta6-phi21*/	6, (29,2,80), 3, (29,2,81), 13, (29,2,82), 5, (29,1,70), 1, (44,1,100), 2, (44,2,100), 2, 
/* out0427_had-eta7-phi21*/	7, (29,2,70), 3, (29,2,71), 7, (29,2,81), 1, (29,2,82), 1, (29,1,70), 2, (29,1,72), 5, (44,1,100), 3, 
/* out0428_had-eta8-phi21*/	4, (29,2,71), 7, (29,1,60), 7, (29,1,72), 1, (44,1,100), 2, 
/* out0429_had-eta9-phi21*/	5, (29,2,61), 3, (29,1,60), 1, (29,1,62), 9, (44,0,100), 3, (44,1,100), 1, 
/* out0430_had-eta10-phi21*/	4, (29,1,50), 9, (29,2,61), 1, (29,1,62), 1, (44,0,100), 5, 
/* out0431_had-eta11-phi21*/	3, (29,1,50), 2, (29,1,51), 1, (29,1,52), 6, 
/* out0432_had-eta12-phi21*/	3, (29,1,40), 5, (29,1,41), 7, (29,1,52), 4, 
/* out0433_had-eta13-phi21*/	4, (29,1,41), 7, (29,1,42), 10, (29,1,46), 6, (29,1,47), 2, 
/* out0434_had-eta14-phi21*/	4, (29,1,45), 4, (29,1,46), 9, (29,1,410), 6, (29,1,411), 2, 
/* out0435_had-eta15-phi21*/	3, (29,1,31), 3, (29,1,45), 5, (29,1,411), 9, 
/* out0436_had-eta16-phi21*/	3, (29,1,31), 4, (29,1,36), 1, (29,1,37), 10, 
/* out0437_had-eta17-phi21*/	3, (29,1,34), 4, (29,1,36), 3, (29,1,37), 5, 
/* out0438_had-eta18-phi21*/	2, (29,1,34), 4, (29,1,35), 6, 
/* out0439_had-eta19-phi21*/	1, (29,1,35), 4, 
/* out0440_had-eta0-phi22*/	0, 
/* out0441_had-eta1-phi22*/	1, (44,4,110), 5, 
/* out0442_had-eta2-phi22*/	3, (29,1,100), 4, (44,3,110), 1, (44,4,110), 3, 
/* out0443_had-eta3-phi22*/	6, (29,2,100), 2, (29,2,101), 10, (29,1,90), 2, (29,1,100), 9, (29,1,102), 14, (44,3,110), 5, 
/* out0444_had-eta4-phi22*/	7, (29,2,91), 3, (29,2,101), 4, (29,1,90), 12, (29,1,91), 1, (29,1,92), 12, (44,2,110), 2, (44,3,110), 2, 
/* out0445_had-eta5-phi22*/	6, (29,2,91), 3, (29,1,80), 15, (29,1,81), 3, (29,1,82), 4, (29,1,92), 3, (44,2,110), 4, 
/* out0446_had-eta6-phi22*/	7, (29,2,81), 1, (29,1,70), 9, (29,1,71), 1, (29,1,81), 1, (29,1,82), 11, (44,1,110), 2, (44,2,110), 2, 
/* out0447_had-eta7-phi22*/	4, (29,1,70), 4, (29,1,71), 7, (29,1,72), 7, (44,1,110), 3, 
/* out0448_had-eta8-phi22*/	5, (29,1,60), 7, (29,1,61), 4, (29,1,71), 1, (29,1,72), 3, (44,1,110), 2, 
/* out0449_had-eta9-phi22*/	5, (29,1,60), 1, (29,1,61), 8, (29,1,62), 4, (44,0,110), 3, (44,1,110), 1, 
/* out0450_had-eta10-phi22*/	4, (29,1,50), 3, (29,1,51), 3, (29,1,62), 2, (44,0,110), 5, 
/* out0451_had-eta11-phi22*/	1, (29,1,51), 9, 
/* out0452_had-eta12-phi22*/	4, (29,1,41), 2, (29,1,47), 1, (29,1,51), 2, (29,1,52), 1, 
/* out0453_had-eta13-phi22*/	2, (29,1,44), 4, (29,1,47), 13, 
/* out0454_had-eta14-phi22*/	3, (29,1,44), 12, (29,1,45), 4, (29,1,46), 1, 
/* out0455_had-eta15-phi22*/	1, (29,1,45), 3, 
/* out0456_had-eta16-phi22*/	1, (29,1,37), 1, 
/* out0457_had-eta17-phi22*/	1, (29,1,34), 5, 
/* out0458_had-eta18-phi22*/	1, (29,1,34), 3, 
/* out0459_had-eta19-phi22*/	0, 
/* out0460_had-eta0-phi23*/	0, 
/* out0461_had-eta1-phi23*/	1, (44,4,110), 5, 
/* out0462_had-eta2-phi23*/	4, (29,1,100), 2, (29,1,101), 1, (44,3,110), 1, (44,4,110), 3, 
/* out0463_had-eta3-phi23*/	5, (29,1,90), 1, (29,1,100), 1, (29,1,101), 15, (29,1,102), 2, (44,3,110), 5, 
/* out0464_had-eta4-phi23*/	4, (29,1,90), 1, (29,1,91), 14, (44,2,110), 2, (44,3,110), 2, 
/* out0465_had-eta5-phi23*/	5, (29,1,80), 1, (29,1,81), 8, (29,1,91), 1, (29,1,92), 1, (44,2,110), 4, 
/* out0466_had-eta6-phi23*/	4, (29,1,71), 1, (29,1,81), 4, (44,1,110), 2, (44,2,110), 2, 
/* out0467_had-eta7-phi23*/	2, (29,1,71), 6, (44,1,110), 3, 
/* out0468_had-eta8-phi23*/	2, (29,1,61), 1, (44,1,110), 2, 
/* out0469_had-eta9-phi23*/	3, (29,1,61), 3, (44,0,110), 3, (44,1,110), 1, 
/* out0470_had-eta10-phi23*/	1, (44,0,110), 5, 
/* out0471_had-eta11-phi23*/	1, (29,1,51), 1, 
/* out0472_had-eta12-phi23*/	0, 
/* out0473_had-eta13-phi23*/	0, 
/* out0474_had-eta14-phi23*/	0, 
/* out0475_had-eta15-phi23*/	0, 
/* out0476_had-eta16-phi23*/	0, 
/* out0477_had-eta17-phi23*/	0, 
/* out0478_had-eta18-phi23*/	0, 
/* out0479_had-eta19-phi23*/	0, 
