
format module = (Layer,u,v),fraction of 1/16
Number of Ptts = 480
Number CEH modules =110Number CEH scintilators =48
Board 0x64060000Board number = 6
/* out0000_had-eta0-phi0*/	1, (40,3,00), 4, 
/* out0001_had-eta1-phi0*/	1, (40,3,00), 4, 
/* out0002_had-eta2-phi0*/	1, (40,2,00), 4, 
/* out0003_had-eta3-phi0*/	4, (27,9,12), 6, (27,10,11), 10, (40,1,00), 1, (40,2,00), 4, 
/* out0004_had-eta4-phi0*/	7, (27,8,00), 11, (27,8,01), 12, (27,8,02), 16, (27,8,12), 1, (27,9,11), 8, (27,9,12), 3, (40,1,00), 4, 
/* out0005_had-eta5-phi0*/	8, (27,7,00), 3, (27,7,02), 15, (27,8,00), 5, (27,8,01), 4, (27,8,11), 4, (27,8,12), 5, (40,0,00), 1, (40,1,00), 3, 
/* out0006_had-eta6-phi0*/	6, (27,7,00), 13, (27,7,01), 15, (27,7,02), 1, (27,7,12), 4, (27,8,11), 1, (40,0,00), 3, 
/* out0007_had-eta7-phi0*/	7, (27,6,00), 9, (27,6,01), 11, (27,6,02), 16, (27,7,01), 1, (27,7,11), 3, (27,7,12), 1, (40,0,00), 3, 
/* out0008_had-eta8-phi0*/	5, (27,5,02), 12, (27,6,00), 7, (27,6,01), 5, (27,6,12), 2, (40,0,00), 1, 
/* out0009_had-eta9-phi0*/	4, (27,5,00), 8, (27,5,01), 11, (27,5,02), 4, (27,6,11), 1, 
/* out0010_had-eta10-phi0*/	3, (27,5,111), 1, (27,5,00), 6, (27,5,01), 4, 
/* out0011_had-eta11-phi0*/	8, (27,4,02), 1, (27,4,03), 11, (27,4,08), 16, (27,4,09), 16, (27,4,010), 3, (27,5,15), 2, (27,5,111), 1, (27,5,01), 1, 
/* out0012_had-eta12-phi0*/	6, (27,4,00), 1, (27,4,01), 4, (27,4,02), 15, (27,4,03), 3, (27,4,06), 14, (27,4,010), 13, 
/* out0013_had-eta13-phi0*/	6, (27,3,08), 1, (27,3,09), 4, (27,4,01), 7, (27,4,04), 16, (27,4,06), 2, (27,4,07), 16, 
/* out0014_had-eta14-phi0*/	5, (27,3,02), 1, (27,3,03), 6, (27,3,08), 15, (27,3,09), 12, (27,3,010), 2, 
/* out0015_had-eta15-phi0*/	4, (27,3,02), 12, (27,3,03), 1, (27,3,06), 12, (27,3,010), 14, 
/* out0016_had-eta16-phi0*/	4, (27,3,01), 3, (27,3,02), 3, (27,3,06), 4, (27,3,07), 4, 
/* out0017_had-eta17-phi0*/	4, (27,2,03), 16, (27,2,04), 4, (27,3,04), 16, (27,3,07), 11, 
/* out0018_had-eta18-phi0*/	4, (27,2,01), 1, (27,2,02), 1, (27,2,04), 10, (27,2,05), 11, 
/* out0019_had-eta19-phi0*/	2, (27,2,01), 13, (27,2,05), 5, 
/* out0020_had-eta0-phi1*/	1, (40,3,00), 4, 
/* out0021_had-eta1-phi1*/	1, (40,3,00), 4, 
/* out0022_had-eta2-phi1*/	3, (27,10,10), 3, (27,10,22), 1, (40,2,00), 4, 
/* out0023_had-eta3-phi1*/	8, (27,9,10), 6, (27,9,12), 6, (27,10,10), 13, (27,10,11), 6, (27,10,21), 7, (27,10,22), 8, (40,1,00), 1, (40,2,00), 4, 
/* out0024_had-eta4-phi1*/	8, (27,8,10), 1, (27,8,12), 4, (27,9,10), 10, (27,9,11), 8, (27,9,12), 1, (27,9,21), 2, (27,9,22), 4, (40,1,00), 4, 
/* out0025_had-eta5-phi1*/	5, (27,8,10), 13, (27,8,11), 7, (27,8,12), 6, (40,0,00), 1, (40,1,00), 3, 
/* out0026_had-eta6-phi1*/	4, (27,7,10), 5, (27,7,12), 11, (27,8,11), 4, (40,0,00), 3, 
/* out0027_had-eta7-phi1*/	4, (27,6,12), 2, (27,7,10), 3, (27,7,11), 13, (40,0,00), 3, 
/* out0028_had-eta8-phi1*/	4, (27,6,10), 1, (27,6,11), 2, (27,6,12), 11, (40,0,00), 1, 
/* out0029_had-eta9-phi1*/	4, (27,5,18), 4, (27,5,19), 1, (27,5,00), 1, (27,6,11), 10, 
/* out0030_had-eta10-phi1*/	5, (27,5,18), 12, (27,5,19), 3, (27,5,110), 9, (27,5,111), 12, (27,5,00), 1, 
/* out0031_had-eta11-phi1*/	6, (27,4,00), 2, (27,4,03), 2, (27,5,14), 7, (27,5,15), 14, (27,5,16), 7, (27,5,111), 2, 
/* out0032_had-eta12-phi1*/	4, (27,4,00), 13, (27,4,01), 1, (27,4,18), 9, (27,5,14), 5, 
/* out0033_had-eta13-phi1*/	5, (27,4,01), 4, (27,4,15), 3, (27,4,18), 1, (27,4,110), 1, (27,4,111), 15, 
/* out0034_had-eta14-phi1*/	4, (27,3,00), 1, (27,3,03), 6, (27,4,14), 2, (27,4,15), 10, 
/* out0035_had-eta15-phi1*/	4, (27,3,00), 12, (27,3,01), 1, (27,3,03), 3, (27,4,14), 1, 
/* out0036_had-eta16-phi1*/	4, (27,3,00), 2, (27,3,01), 9, (27,3,18), 1, (27,3,111), 2, 
/* out0037_had-eta17-phi1*/	6, (27,2,02), 1, (27,2,04), 1, (27,3,01), 3, (27,3,07), 1, (27,3,15), 2, (27,3,111), 4, 
/* out0038_had-eta18-phi1*/	3, (27,2,02), 9, (27,2,04), 1, (27,3,15), 1, 
/* out0039_had-eta19-phi1*/	3, (27,2,00), 1, (27,2,01), 2, (27,2,02), 4, 
/* out0040_had-eta0-phi2*/	1, (40,3,10), 4, 
/* out0041_had-eta1-phi2*/	1, (40,3,10), 4, 
/* out0042_had-eta2-phi2*/	3, (27,10,20), 1, (27,10,22), 3, (40,2,10), 4, 
/* out0043_had-eta3-phi2*/	8, (27,9,22), 1, (27,10,20), 15, (27,10,21), 9, (27,10,22), 4, (27,10,31), 1, (27,10,32), 5, (40,1,10), 1, (40,2,10), 4, 
/* out0044_had-eta4-phi2*/	5, (27,9,20), 12, (27,9,21), 7, (27,9,22), 11, (27,10,31), 1, (40,1,10), 4, 
/* out0045_had-eta5-phi2*/	7, (27,8,10), 2, (27,8,20), 2, (27,8,22), 15, (27,9,20), 1, (27,9,21), 7, (40,0,10), 1, (40,1,10), 3, 
/* out0046_had-eta6-phi2*/	5, (27,7,10), 4, (27,7,22), 2, (27,8,21), 13, (27,8,22), 1, (40,0,10), 3, 
/* out0047_had-eta7-phi2*/	5, (27,6,12), 1, (27,7,10), 4, (27,7,21), 4, (27,7,22), 8, (40,0,10), 3, 
/* out0048_had-eta8-phi2*/	4, (27,6,10), 11, (27,6,22), 1, (27,7,21), 3, (40,0,10), 1, 
/* out0049_had-eta9-phi2*/	6, (27,5,13), 3, (27,5,19), 6, (27,6,10), 4, (27,6,11), 3, (27,6,21), 1, (27,6,22), 2, 
/* out0050_had-eta10-phi2*/	6, (27,5,10), 1, (27,5,11), 1, (27,5,12), 11, (27,5,13), 13, (27,5,19), 6, (27,5,110), 7, 
/* out0051_had-eta11-phi2*/	5, (27,5,11), 6, (27,5,12), 5, (27,5,14), 1, (27,5,16), 9, (27,5,17), 12, 
/* out0052_had-eta12-phi2*/	5, (27,4,18), 6, (27,4,19), 14, (27,4,110), 2, (27,5,14), 3, (27,5,17), 3, 
/* out0053_had-eta13-phi2*/	4, (27,4,12), 2, (27,4,16), 7, (27,4,110), 13, (27,4,111), 1, 
/* out0054_had-eta14-phi2*/	4, (27,4,14), 6, (27,4,15), 3, (27,4,16), 7, (27,4,17), 3, 
/* out0055_had-eta15-phi2*/	3, (27,3,00), 1, (27,3,18), 9, (27,4,14), 7, 
/* out0056_had-eta16-phi2*/	3, (27,3,18), 5, (27,3,110), 2, (27,3,111), 6, 
/* out0057_had-eta17-phi2*/	4, (27,3,15), 5, (27,3,16), 1, (27,3,110), 1, (27,3,111), 4, 
/* out0058_had-eta18-phi2*/	4, (27,2,00), 3, (27,2,02), 1, (27,3,14), 3, (27,3,15), 6, 
/* out0059_had-eta19-phi2*/	2, (27,2,00), 12, (27,3,14), 1, 
/* out0060_had-eta0-phi3*/	1, (40,3,10), 4, 
/* out0061_had-eta1-phi3*/	1, (40,3,10), 4, 
/* out0062_had-eta2-phi3*/	1, (40,2,10), 4, 
/* out0063_had-eta3-phi3*/	6, (27,10,30), 14, (27,10,31), 5, (27,10,32), 11, (27,11,41), 5, (40,1,10), 1, (40,2,10), 4, 
/* out0064_had-eta4-phi3*/	6, (27,9,20), 3, (27,9,30), 3, (27,9,32), 15, (27,10,30), 1, (27,10,31), 9, (40,1,10), 4, 
/* out0065_had-eta5-phi3*/	6, (27,8,20), 9, (27,8,32), 3, (27,9,31), 13, (27,9,32), 1, (40,0,10), 1, (40,1,10), 3, 
/* out0066_had-eta6-phi3*/	7, (27,7,20), 2, (27,7,22), 3, (27,8,20), 5, (27,8,21), 3, (27,8,31), 3, (27,8,32), 5, (40,0,10), 3, 
/* out0067_had-eta7-phi3*/	4, (27,7,20), 11, (27,7,21), 3, (27,7,22), 3, (40,0,10), 3, 
/* out0068_had-eta8-phi3*/	4, (27,6,22), 8, (27,7,20), 1, (27,7,21), 6, (40,0,10), 1, 
/* out0069_had-eta9-phi3*/	3, (27,6,20), 1, (27,6,21), 6, (27,6,22), 5, 
/* out0070_had-eta10-phi3*/	3, (27,5,10), 13, (27,5,28), 9, (27,6,21), 5, 
/* out0071_had-eta11-phi3*/	6, (27,5,10), 2, (27,5,11), 9, (27,5,17), 1, (27,5,25), 3, (27,5,28), 4, (27,5,211), 15, 
/* out0072_had-eta12-phi3*/	6, (27,4,10), 3, (27,4,12), 1, (27,4,13), 14, (27,4,19), 2, (27,5,24), 1, (27,5,25), 8, 
/* out0073_had-eta13-phi3*/	4, (27,4,10), 4, (27,4,11), 5, (27,4,12), 12, (27,4,13), 2, 
/* out0074_had-eta14-phi3*/	4, (27,4,11), 6, (27,4,12), 1, (27,4,16), 2, (27,4,17), 11, 
/* out0075_had-eta15-phi3*/	3, (27,3,18), 1, (27,3,19), 13, (27,4,17), 2, 
/* out0076_had-eta16-phi3*/	3, (27,3,12), 1, (27,3,19), 2, (27,3,110), 11, 
/* out0077_had-eta17-phi3*/	2, (27,3,16), 9, (27,3,110), 2, 
/* out0078_had-eta18-phi3*/	4, (27,3,14), 5, (27,3,15), 2, (27,3,16), 2, (27,3,17), 1, 
/* out0079_had-eta19-phi3*/	1, (27,3,14), 5, 
/* out0080_had-eta0-phi4*/	1, (40,3,20), 4, 
/* out0081_had-eta1-phi4*/	1, (40,3,20), 4, 
/* out0082_had-eta2-phi4*/	4, (27,11,40), 12, (27,11,41), 1, (27,11,51), 5, (40,2,20), 4, 
/* out0083_had-eta3-phi4*/	9, (27,10,30), 1, (27,10,40), 7, (27,10,42), 14, (27,11,40), 4, (27,11,41), 10, (27,11,50), 1, (27,11,51), 4, (40,1,20), 1, (40,2,20), 4, 
/* out0084_had-eta4-phi4*/	5, (27,9,30), 9, (27,9,42), 6, (27,10,41), 14, (27,10,42), 2, (40,1,20), 4, 
/* out0085_had-eta5-phi4*/	8, (27,8,30), 5, (27,8,32), 5, (27,9,30), 4, (27,9,31), 3, (27,9,41), 4, (27,9,42), 4, (40,0,20), 1, (40,1,20), 3, 
/* out0086_had-eta6-phi4*/	4, (27,8,30), 7, (27,8,31), 11, (27,8,32), 3, (40,0,20), 3, 
/* out0087_had-eta7-phi4*/	4, (27,7,20), 2, (27,7,32), 14, (27,8,31), 2, (40,0,20), 3, 
/* out0088_had-eta8-phi4*/	4, (27,6,20), 6, (27,7,31), 8, (27,7,32), 1, (40,0,20), 1, 
/* out0089_had-eta9-phi4*/	3, (27,6,20), 9, (27,6,21), 2, (27,6,32), 1, 
/* out0090_had-eta10-phi4*/	6, (27,5,22), 1, (27,5,23), 6, (27,5,28), 3, (27,5,29), 16, (27,5,210), 2, (27,6,21), 2, 
/* out0091_had-eta11-phi4*/	4, (27,5,22), 7, (27,5,26), 11, (27,5,210), 14, (27,5,211), 1, 
/* out0092_had-eta12-phi4*/	5, (27,4,10), 1, (27,5,24), 14, (27,5,25), 5, (27,5,26), 4, (27,5,27), 3, 
/* out0093_had-eta13-phi4*/	4, (27,4,10), 8, (27,4,11), 1, (27,4,28), 10, (27,4,211), 2, 
/* out0094_had-eta14-phi4*/	3, (27,4,11), 4, (27,4,25), 3, (27,4,211), 10, 
/* out0095_had-eta15-phi4*/	3, (27,3,13), 12, (27,3,19), 1, (27,4,25), 2, 
/* out0096_had-eta16-phi4*/	2, (27,3,12), 9, (27,3,13), 4, 
/* out0097_had-eta17-phi4*/	3, (27,3,11), 2, (27,3,12), 6, (27,3,16), 4, 
/* out0098_had-eta18-phi4*/	1, (27,3,17), 9, 
/* out0099_had-eta19-phi4*/	2, (27,3,14), 2, (27,3,17), 1, 
/* out0100_had-eta0-phi5*/	1, (40,3,20), 4, 
/* out0101_had-eta1-phi5*/	1, (40,3,20), 4, 
/* out0102_had-eta2-phi5*/	2, (27,11,51), 4, (40,2,20), 4, 
/* out0103_had-eta3-phi5*/	6, (27,10,52), 12, (27,10,40), 6, (27,11,50), 15, (27,11,51), 3, (40,1,20), 1, (40,2,20), 4, 
/* out0104_had-eta4-phi5*/	7, (27,10,51), 8, (27,10,52), 4, (27,9,40), 10, (27,9,42), 5, (27,10,40), 3, (27,10,41), 2, (40,1,20), 4, 
/* out0105_had-eta5-phi5*/	7, (27,8,30), 1, (27,8,42), 5, (27,9,40), 6, (27,9,41), 12, (27,9,42), 1, (40,0,20), 1, (40,1,20), 3, 
/* out0106_had-eta6-phi5*/	4, (27,8,30), 3, (27,8,41), 6, (27,8,42), 11, (40,0,20), 3, 
/* out0107_had-eta7-phi5*/	5, (27,7,30), 14, (27,7,31), 1, (27,7,32), 1, (27,8,41), 2, (40,0,20), 3, 
/* out0108_had-eta8-phi5*/	4, (27,7,30), 2, (27,7,31), 7, (27,6,32), 5, (40,0,20), 1, 
/* out0109_had-eta9-phi5*/	2, (27,6,31), 2, (27,6,32), 10, 
/* out0110_had-eta10-phi5*/	3, (27,5,20), 7, (27,5,23), 9, (27,6,31), 6, 
/* out0111_had-eta11-phi5*/	5, (27,5,20), 9, (27,5,21), 13, (27,5,22), 8, (27,5,23), 1, (27,5,26), 1, 
/* out0112_had-eta12-phi5*/	5, (27,5,21), 3, (27,5,24), 1, (27,5,27), 13, (27,4,28), 2, (27,4,29), 8, 
/* out0113_had-eta13-phi5*/	4, (27,4,28), 4, (27,4,29), 7, (27,4,210), 10, (27,4,211), 2, 
/* out0114_had-eta14-phi5*/	4, (27,4,25), 5, (27,4,26), 7, (27,4,210), 5, (27,4,211), 2, 
/* out0115_had-eta15-phi5*/	3, (27,3,10), 3, (27,4,24), 7, (27,4,25), 6, 
/* out0116_had-eta16-phi5*/	2, (27,3,10), 12, (27,3,11), 1, 
/* out0117_had-eta17-phi5*/	2, (27,3,10), 1, (27,3,11), 10, 
/* out0118_had-eta18-phi5*/	2, (27,3,11), 3, (27,3,17), 5, 
/* out0119_had-eta19-phi5*/	0, 
/* out0120_had-eta0-phi6*/	1, (40,3,30), 4, 
/* out0121_had-eta1-phi6*/	1, (40,3,30), 4, 
/* out0122_had-eta2-phi6*/	2, (27,11,60), 4, (40,2,30), 4, 
/* out0123_had-eta3-phi6*/	6, (27,10,50), 12, (27,10,62), 6, (27,11,60), 3, (27,11,61), 15, (40,1,30), 1, (40,2,30), 4, 
/* out0124_had-eta4-phi6*/	7, (27,9,50), 5, (27,9,52), 10, (27,10,50), 4, (27,10,51), 8, (27,10,61), 2, (27,10,62), 3, (40,1,30), 4, 
/* out0125_had-eta5-phi6*/	7, (27,8,52), 1, (27,8,40), 5, (27,9,50), 1, (27,9,51), 12, (27,9,52), 6, (40,0,30), 1, (40,1,30), 3, 
/* out0126_had-eta6-phi6*/	4, (27,8,52), 3, (27,8,40), 11, (27,8,41), 6, (40,0,30), 3, 
/* out0127_had-eta7-phi6*/	5, (27,7,40), 1, (27,7,41), 1, (27,7,42), 14, (27,8,41), 2, (40,0,30), 3, 
/* out0128_had-eta8-phi6*/	4, (27,6,30), 5, (27,7,41), 7, (27,7,42), 2, (40,0,30), 1, 
/* out0129_had-eta9-phi6*/	2, (27,6,30), 10, (27,6,31), 2, 
/* out0130_had-eta10-phi6*/	3, (27,5,38), 7, (27,5,39), 9, (27,6,31), 6, 
/* out0131_had-eta11-phi6*/	5, (27,5,36), 1, (27,5,38), 9, (27,5,39), 1, (27,5,310), 8, (27,5,311), 13, 
/* out0132_had-eta12-phi6*/	6, (27,4,20), 1, (27,4,23), 9, (27,4,29), 1, (27,5,34), 1, (27,5,35), 13, (27,5,311), 3, 
/* out0133_had-eta13-phi6*/	5, (27,4,20), 3, (27,4,21), 1, (27,4,22), 11, (27,4,23), 7, (27,4,210), 1, 
/* out0134_had-eta14-phi6*/	4, (27,4,21), 1, (27,4,22), 5, (27,4,26), 9, (27,4,27), 4, 
/* out0135_had-eta15-phi6*/	3, (27,4,24), 9, (27,4,27), 5, (27,3,28), 3, 
/* out0136_had-eta16-phi6*/	2, (27,3,28), 12, (27,3,211), 1, 
/* out0137_had-eta17-phi6*/	2, (27,3,28), 1, (27,3,211), 10, 
/* out0138_had-eta18-phi6*/	2, (27,3,25), 5, (27,3,211), 3, 
/* out0139_had-eta19-phi6*/	0, 
/* out0140_had-eta0-phi7*/	1, (40,3,30), 4, 
/* out0141_had-eta1-phi7*/	1, (40,3,30), 4, 
/* out0142_had-eta2-phi7*/	4, (27,11,60), 5, (27,11,70), 1, (27,11,71), 12, (40,2,30), 4, 
/* out0143_had-eta3-phi7*/	9, (27,10,72), 1, (27,10,60), 14, (27,10,62), 7, (27,11,60), 4, (27,11,61), 1, (27,11,70), 10, (27,11,71), 4, (40,1,30), 1, (40,2,30), 4, 
/* out0144_had-eta4-phi7*/	5, (27,9,62), 9, (27,9,50), 6, (27,10,60), 2, (27,10,61), 14, (40,1,30), 4, 
/* out0145_had-eta5-phi7*/	8, (27,8,50), 5, (27,8,52), 5, (27,9,61), 3, (27,9,62), 4, (27,9,50), 4, (27,9,51), 4, (40,0,30), 1, (40,1,30), 3, 
/* out0146_had-eta6-phi7*/	4, (27,8,50), 3, (27,8,51), 11, (27,8,52), 7, (40,0,30), 3, 
/* out0147_had-eta7-phi7*/	4, (27,7,40), 14, (27,8,51), 2, (27,7,52), 2, (40,0,30), 3, 
/* out0148_had-eta8-phi7*/	4, (27,7,40), 1, (27,7,41), 8, (27,6,42), 6, (40,0,30), 1, 
/* out0149_had-eta9-phi7*/	3, (27,6,30), 1, (27,6,41), 2, (27,6,42), 9, 
/* out0150_had-eta10-phi7*/	6, (27,5,30), 3, (27,5,32), 2, (27,5,33), 16, (27,5,39), 6, (27,5,310), 1, (27,6,41), 2, 
/* out0151_had-eta11-phi7*/	4, (27,5,31), 1, (27,5,32), 14, (27,5,36), 11, (27,5,310), 7, 
/* out0152_had-eta12-phi7*/	6, (27,4,20), 1, (27,5,34), 14, (27,5,35), 3, (27,5,36), 4, (27,5,37), 5, (27,4,38), 1, 
/* out0153_had-eta13-phi7*/	4, (27,4,20), 11, (27,4,21), 3, (27,4,38), 8, (27,4,311), 1, 
/* out0154_had-eta14-phi7*/	3, (27,4,21), 11, (27,4,27), 4, (27,4,311), 4, 
/* out0155_had-eta15-phi7*/	3, (27,4,27), 3, (27,3,23), 1, (27,3,29), 12, 
/* out0156_had-eta16-phi7*/	2, (27,3,29), 4, (27,3,210), 9, 
/* out0157_had-eta17-phi7*/	3, (27,3,26), 4, (27,3,210), 6, (27,3,211), 2, 
/* out0158_had-eta18-phi7*/	1, (27,3,25), 9, 
/* out0159_had-eta19-phi7*/	2, (27,3,24), 2, (27,3,25), 1, 
/* out0160_had-eta0-phi8*/	1, (40,3,40), 4, 
/* out0161_had-eta1-phi8*/	1, (40,3,40), 4, 
/* out0162_had-eta2-phi8*/	1, (40,2,40), 4, 
/* out0163_had-eta3-phi8*/	6, (27,10,70), 11, (27,10,71), 5, (27,10,72), 14, (27,11,70), 5, (40,1,40), 1, (40,2,40), 4, 
/* out0164_had-eta4-phi8*/	6, (27,9,60), 15, (27,9,62), 3, (27,10,71), 9, (27,10,72), 1, (27,9,72), 3, (40,1,40), 4, 
/* out0165_had-eta5-phi8*/	6, (27,8,50), 3, (27,9,60), 1, (27,9,61), 13, (27,8,62), 9, (40,0,40), 1, (40,1,40), 3, 
/* out0166_had-eta6-phi8*/	7, (27,8,50), 5, (27,8,51), 3, (27,7,50), 3, (27,7,52), 2, (27,8,61), 3, (27,8,62), 5, (40,0,40), 3, 
/* out0167_had-eta7-phi8*/	4, (27,7,50), 3, (27,7,51), 3, (27,7,52), 11, (40,0,40), 3, 
/* out0168_had-eta8-phi8*/	4, (27,6,40), 8, (27,7,51), 6, (27,7,52), 1, (40,0,40), 1, 
/* out0169_had-eta9-phi8*/	3, (27,6,40), 5, (27,6,41), 6, (27,6,42), 1, 
/* out0170_had-eta10-phi8*/	3, (27,5,30), 9, (27,5,48), 13, (27,6,41), 5, 
/* out0171_had-eta11-phi8*/	6, (27,5,30), 4, (27,5,31), 15, (27,5,37), 3, (27,5,45), 1, (27,5,48), 2, (27,5,411), 9, 
/* out0172_had-eta12-phi8*/	6, (27,5,34), 1, (27,5,37), 8, (27,4,33), 2, (27,4,38), 3, (27,4,39), 14, (27,4,310), 1, 
/* out0173_had-eta13-phi8*/	4, (27,4,38), 4, (27,4,39), 2, (27,4,310), 12, (27,4,311), 5, 
/* out0174_had-eta14-phi8*/	4, (27,4,35), 11, (27,4,36), 2, (27,4,310), 1, (27,4,311), 6, 
/* out0175_had-eta15-phi8*/	3, (27,3,20), 1, (27,3,23), 13, (27,4,35), 2, 
/* out0176_had-eta16-phi8*/	3, (27,3,22), 11, (27,3,23), 2, (27,3,210), 1, 
/* out0177_had-eta17-phi8*/	2, (27,3,22), 2, (27,3,26), 9, 
/* out0178_had-eta18-phi8*/	4, (27,3,24), 5, (27,3,25), 1, (27,3,26), 2, (27,3,27), 2, 
/* out0179_had-eta19-phi8*/	1, (27,3,24), 5, 
/* out0180_had-eta0-phi9*/	1, (40,3,40), 4, 
/* out0181_had-eta1-phi9*/	1, (40,3,40), 4, 
/* out0182_had-eta2-phi9*/	3, (27,10,80), 3, (27,10,82), 1, (40,2,40), 4, 
/* out0183_had-eta3-phi9*/	8, (27,10,70), 5, (27,10,71), 1, (27,9,70), 1, (27,10,80), 4, (27,10,81), 9, (27,10,82), 15, (40,1,40), 1, (40,2,40), 4, 
/* out0184_had-eta4-phi9*/	5, (27,10,71), 1, (27,9,70), 11, (27,9,71), 7, (27,9,72), 12, (40,1,40), 4, 
/* out0185_had-eta5-phi9*/	7, (27,8,60), 15, (27,8,62), 2, (27,9,71), 7, (27,9,72), 1, (27,8,72), 2, (40,0,40), 1, (40,1,40), 3, 
/* out0186_had-eta6-phi9*/	5, (27,7,50), 2, (27,8,60), 1, (27,8,61), 13, (27,7,62), 4, (40,0,40), 3, 
/* out0187_had-eta7-phi9*/	5, (27,7,50), 8, (27,7,51), 4, (27,6,50), 1, (27,7,62), 4, (40,0,40), 3, 
/* out0188_had-eta8-phi9*/	4, (27,6,40), 1, (27,7,51), 3, (27,6,52), 11, (40,0,40), 1, 
/* out0189_had-eta9-phi9*/	6, (27,5,43), 6, (27,5,49), 3, (27,6,40), 2, (27,6,41), 1, (27,6,51), 3, (27,6,52), 4, 
/* out0190_had-eta10-phi9*/	6, (27,5,42), 7, (27,5,43), 6, (27,5,48), 1, (27,5,49), 13, (27,5,410), 11, (27,5,411), 1, 
/* out0191_had-eta11-phi9*/	5, (27,5,44), 1, (27,5,45), 12, (27,5,46), 9, (27,5,410), 5, (27,5,411), 6, 
/* out0192_had-eta12-phi9*/	5, (27,4,30), 6, (27,4,32), 2, (27,4,33), 14, (27,5,44), 3, (27,5,45), 3, 
/* out0193_had-eta13-phi9*/	4, (27,4,31), 1, (27,4,32), 13, (27,4,36), 7, (27,4,310), 2, 
/* out0194_had-eta14-phi9*/	4, (27,4,34), 6, (27,4,35), 3, (27,4,36), 7, (27,4,37), 3, 
/* out0195_had-eta15-phi9*/	3, (27,3,20), 9, (27,4,34), 7, (27,3,38), 1, 
/* out0196_had-eta16-phi9*/	3, (27,3,20), 5, (27,3,21), 7, (27,3,22), 2, 
/* out0197_had-eta17-phi9*/	4, (27,3,21), 4, (27,3,22), 1, (27,3,26), 1, (27,3,27), 5, 
/* out0198_had-eta18-phi9*/	3, (27,3,24), 3, (27,3,27), 6, (27,2,24), 3, 
/* out0199_had-eta19-phi9*/	2, (27,3,24), 1, (27,2,24), 11, 
/* out0200_had-eta0-phi10*/	1, (40,3,50), 4, 
/* out0201_had-eta1-phi10*/	1, (40,3,50), 4, 
/* out0202_had-eta2-phi10*/	3, (27,10,80), 1, (27,10,91), 3, (40,2,50), 4, 
/* out0203_had-eta3-phi10*/	8, (27,10,80), 8, (27,10,81), 7, (27,9,80), 6, (27,9,82), 6, (27,10,90), 6, (27,10,91), 13, (40,1,50), 1, (40,2,50), 4, 
/* out0204_had-eta4-phi10*/	8, (27,9,70), 4, (27,9,71), 2, (27,8,70), 4, (27,8,72), 1, (27,9,80), 1, (27,9,81), 8, (27,9,82), 10, (40,1,50), 4, 
/* out0205_had-eta5-phi10*/	5, (27,8,70), 6, (27,8,71), 7, (27,8,72), 13, (40,0,50), 1, (40,1,50), 3, 
/* out0206_had-eta6-phi10*/	4, (27,7,60), 11, (27,7,62), 5, (27,8,71), 4, (40,0,50), 3, 
/* out0207_had-eta7-phi10*/	4, (27,6,50), 2, (27,7,61), 13, (27,7,62), 3, (40,0,50), 3, 
/* out0208_had-eta8-phi10*/	4, (27,6,50), 11, (27,6,51), 2, (27,6,52), 1, (40,0,50), 1, 
/* out0209_had-eta9-phi10*/	4, (27,5,40), 4, (27,5,43), 1, (27,5,52), 1, (27,6,51), 10, 
/* out0210_had-eta10-phi10*/	5, (27,5,40), 12, (27,5,41), 12, (27,5,42), 9, (27,5,43), 3, (27,5,52), 1, 
/* out0211_had-eta11-phi10*/	6, (27,5,41), 2, (27,5,44), 7, (27,5,46), 7, (27,5,47), 14, (27,4,48), 1, (27,4,49), 1, 
/* out0212_had-eta12-phi10*/	4, (27,4,30), 9, (27,5,44), 5, (27,4,48), 13, (27,4,411), 1, 
/* out0213_had-eta13-phi10*/	5, (27,4,30), 1, (27,4,31), 15, (27,4,32), 1, (27,4,37), 3, (27,4,411), 3, 
/* out0214_had-eta14-phi10*/	4, (27,4,34), 2, (27,4,37), 10, (27,3,38), 1, (27,3,39), 5, 
/* out0215_had-eta15-phi10*/	4, (27,4,34), 1, (27,3,38), 12, (27,3,39), 2, (27,3,311), 1, 
/* out0216_had-eta16-phi10*/	4, (27,3,20), 1, (27,3,21), 2, (27,3,38), 2, (27,3,311), 8, 
/* out0217_had-eta17-phi10*/	6, (27,3,21), 3, (27,3,27), 2, (27,2,23), 1, (27,2,25), 1, (27,3,35), 1, (27,3,311), 3, 
/* out0218_had-eta18-phi10*/	2, (27,3,27), 1, (27,2,25), 9, 
/* out0219_had-eta19-phi10*/	3, (27,2,24), 2, (27,2,25), 4, (27,2,26), 1, 
/* out0220_had-eta0-phi11*/	1, (40,3,50), 4, 
/* out0221_had-eta1-phi11*/	1, (40,3,50), 4, 
/* out0222_had-eta2-phi11*/	1, (40,2,50), 4, 
/* out0223_had-eta3-phi11*/	4, (27,9,80), 6, (27,10,90), 10, (40,1,50), 1, (40,2,50), 4, 
/* out0224_had-eta4-phi11*/	6, (27,8,80), 4, (27,8,82), 11, (27,8,70), 1, (27,9,80), 3, (27,9,81), 8, (40,1,50), 4, 
/* out0225_had-eta5-phi11*/	8, (27,7,70), 3, (27,7,72), 3, (27,8,81), 4, (27,8,82), 5, (27,8,70), 5, (27,8,71), 4, (40,0,50), 1, (40,1,50), 3, 
/* out0226_had-eta6-phi11*/	6, (27,7,70), 1, (27,7,71), 3, (27,7,72), 13, (27,7,60), 4, (27,8,71), 1, (40,0,50), 3, 
/* out0227_had-eta7-phi11*/	6, (27,6,60), 4, (27,6,62), 9, (27,7,71), 1, (27,7,60), 1, (27,7,61), 3, (40,0,50), 3, 
/* out0228_had-eta8-phi11*/	4, (27,6,61), 4, (27,6,62), 7, (27,6,50), 2, (40,0,50), 1, 
/* out0229_had-eta9-phi11*/	3, (27,5,50), 3, (27,5,52), 8, (27,6,51), 1, 
/* out0230_had-eta10-phi11*/	3, (27,5,41), 1, (27,5,51), 3, (27,5,52), 6, 
/* out0231_had-eta11-phi11*/	7, (27,5,41), 1, (27,5,47), 2, (27,4,42), 2, (27,4,43), 12, (27,4,49), 12, (27,4,410), 1, (27,5,51), 1, 
/* out0232_had-eta12-phi11*/	6, (27,4,42), 2, (27,4,46), 2, (27,4,48), 2, (27,4,49), 3, (27,4,410), 15, (27,4,411), 4, 
/* out0233_had-eta13-phi11*/	4, (27,3,33), 1, (27,4,45), 12, (27,4,46), 2, (27,4,411), 8, 
/* out0234_had-eta14-phi11*/	4, (27,3,32), 2, (27,3,33), 10, (27,3,39), 7, (27,3,310), 1, 
/* out0235_had-eta15-phi11*/	4, (27,3,32), 2, (27,3,36), 1, (27,3,39), 2, (27,3,310), 12, 
/* out0236_had-eta16-phi11*/	4, (27,3,35), 3, (27,3,36), 3, (27,3,310), 3, (27,3,311), 4, 
/* out0237_had-eta17-phi11*/	2, (27,2,23), 3, (27,3,35), 8, 
/* out0238_had-eta18-phi11*/	3, (27,2,22), 1, (27,2,23), 8, (27,2,25), 1, 
/* out0239_had-eta19-phi11*/	3, (27,2,22), 4, (27,2,25), 1, (27,2,26), 15, 
/* out0240_had-eta0-phi12*/	1, (40,3,60), 4, 
/* out0241_had-eta1-phi12*/	1, (40,3,60), 4, 
/* out0242_had-eta2-phi12*/	1, (40,2,60), 4, 
/* out0243_had-eta3-phi12*/	6, (27,8,90), 2, (27,8,92), 4, (27,9,100), 2, (27,9,101), 16, (40,1,60), 1, (40,2,60), 4, 
/* out0244_had-eta4-phi12*/	6, (27,8,80), 12, (27,8,81), 4, (27,7,82), 1, (27,8,91), 1, (27,8,92), 10, (40,1,60), 4, 
/* out0245_had-eta5-phi12*/	5, (27,7,70), 7, (27,8,81), 8, (27,7,82), 10, (40,0,60), 1, (40,1,60), 3, 
/* out0246_had-eta6-phi12*/	5, (27,7,70), 5, (27,7,71), 11, (27,6,72), 4, (27,7,82), 1, (40,0,60), 3, 
/* out0247_had-eta7-phi12*/	5, (27,6,60), 12, (27,6,61), 1, (27,7,71), 1, (27,6,72), 4, (40,0,60), 3, 
/* out0248_had-eta8-phi12*/	4, (27,5,50), 1, (27,6,61), 11, (27,5,62), 2, (40,0,60), 1, 
/* out0249_had-eta9-phi12*/	2, (27,5,50), 11, (27,5,62), 1, 
/* out0250_had-eta10-phi12*/	2, (27,4,58), 1, (27,5,51), 10, 
/* out0251_had-eta11-phi12*/	6, (27,4,40), 15, (27,4,41), 4, (27,4,42), 3, (27,4,43), 4, (27,4,58), 3, (27,5,51), 1, 
/* out0252_had-eta12-phi12*/	4, (27,4,41), 4, (27,4,42), 9, (27,4,46), 10, (27,4,47), 5, 
/* out0253_had-eta13-phi12*/	5, (27,3,30), 1, (27,4,44), 13, (27,4,45), 4, (27,4,46), 2, (27,4,47), 2, 
/* out0254_had-eta14-phi12*/	4, (27,3,30), 11, (27,3,31), 2, (27,3,32), 2, (27,3,33), 5, 
/* out0255_had-eta15-phi12*/	3, (27,3,31), 1, (27,3,32), 10, (27,3,36), 5, 
/* out0256_had-eta16-phi12*/	4, (27,3,34), 2, (27,3,35), 2, (27,3,36), 7, (27,3,37), 2, 
/* out0257_had-eta17-phi12*/	3, (27,2,20), 3, (27,3,34), 6, (27,3,35), 2, 
/* out0258_had-eta18-phi12*/	3, (27,2,20), 4, (27,2,22), 1, (27,2,23), 4, 
/* out0259_had-eta19-phi12*/	1, (27,2,22), 9, 
/* out0260_had-eta0-phi13*/	1, (40,3,60), 4, 
/* out0261_had-eta1-phi13*/	1, (40,3,60), 4, 
/* out0262_had-eta2-phi13*/	3, (27,9,100), 2, (27,8,100), 1, (40,2,60), 4, 
/* out0263_had-eta3-phi13*/	6, (27,8,90), 11, (27,9,100), 12, (27,8,100), 1, (27,8,102), 14, (40,1,60), 1, (40,2,60), 4, 
/* out0264_had-eta4-phi13*/	6, (27,7,80), 5, (27,8,90), 3, (27,8,91), 15, (27,8,92), 2, (27,7,92), 6, (40,1,60), 4, 
/* out0265_had-eta5-phi13*/	5, (27,7,80), 10, (27,7,81), 11, (27,7,82), 4, (40,0,60), 1, (40,1,60), 3, 
/* out0266_had-eta6-phi13*/	4, (27,6,70), 13, (27,6,72), 3, (27,7,81), 4, (40,0,60), 3, 
/* out0267_had-eta7-phi13*/	4, (27,5,60), 2, (27,6,71), 10, (27,6,72), 5, (40,0,60), 3, 
/* out0268_had-eta8-phi13*/	4, (27,5,60), 6, (27,5,61), 1, (27,5,62), 8, (40,0,60), 1, 
/* out0269_had-eta9-phi13*/	4, (27,4,53), 4, (27,5,50), 1, (27,5,61), 5, (27,5,62), 5, 
/* out0270_had-eta10-phi13*/	6, (27,4,52), 2, (27,4,53), 8, (27,4,58), 4, (27,4,59), 16, (27,4,510), 7, (27,5,51), 1, 
/* out0271_had-eta11-phi13*/	6, (27,4,40), 1, (27,4,41), 2, (27,4,55), 2, (27,4,58), 8, (27,4,510), 7, (27,4,511), 14, 
/* out0272_had-eta12-phi13*/	6, (27,4,41), 6, (27,4,47), 8, (27,3,43), 2, (27,3,49), 6, (27,4,55), 3, (27,4,511), 2, 
/* out0273_had-eta13-phi13*/	5, (27,4,44), 3, (27,4,47), 1, (27,3,48), 11, (27,3,49), 8, (27,3,410), 1, 
/* out0274_had-eta14-phi13*/	4, (27,3,30), 4, (27,3,31), 4, (27,3,48), 5, (27,3,411), 7, 
/* out0275_had-eta15-phi13*/	2, (27,3,31), 9, (27,3,37), 6, 
/* out0276_had-eta16-phi13*/	4, (27,2,38), 2, (27,2,39), 1, (27,3,34), 4, (27,3,37), 7, 
/* out0277_had-eta17-phi13*/	3, (27,2,20), 2, (27,2,38), 6, (27,3,34), 4, 
/* out0278_had-eta18-phi13*/	3, (27,2,20), 7, (27,2,21), 3, (27,2,38), 1, 
/* out0279_had-eta19-phi13*/	2, (27,2,21), 7, (27,2,22), 1, 
/* out0280_had-eta0-phi14*/	1, (40,3,70), 4, 
/* out0281_had-eta1-phi14*/	1, (40,3,70), 4, 
/* out0282_had-eta2-phi14*/	2, (27,8,100), 4, (40,2,70), 4, 
/* out0283_had-eta3-phi14*/	7, (27,7,90), 1, (27,8,100), 10, (27,8,101), 16, (27,8,102), 2, (27,7,102), 6, (40,1,70), 1, (40,2,70), 4, 
/* out0284_had-eta4-phi14*/	5, (27,7,90), 14, (27,7,91), 9, (27,7,92), 8, (27,7,102), 1, (40,1,70), 4, 
/* out0285_had-eta5-phi14*/	8, (27,7,80), 1, (27,7,81), 1, (27,6,80), 10, (27,6,82), 7, (27,7,91), 5, (27,7,92), 2, (40,0,70), 1, (40,1,70), 3, 
/* out0286_had-eta6-phi14*/	6, (27,6,70), 3, (27,6,71), 1, (27,5,70), 2, (27,6,81), 6, (27,6,82), 9, (40,0,70), 3, 
/* out0287_had-eta7-phi14*/	5, (27,5,60), 1, (27,6,71), 5, (27,5,70), 1, (27,5,72), 11, (40,0,70), 3, 
/* out0288_had-eta8-phi14*/	5, (27,5,60), 7, (27,5,61), 4, (27,4,62), 1, (27,5,72), 3, (40,0,70), 1, 
/* out0289_had-eta9-phi14*/	3, (27,4,50), 8, (27,5,61), 6, (27,4,62), 3, 
/* out0290_had-eta10-phi14*/	7, (27,4,50), 8, (27,4,51), 9, (27,4,52), 14, (27,4,53), 4, (27,4,56), 3, (27,4,57), 1, (27,4,510), 1, 
/* out0291_had-eta11-phi14*/	5, (27,4,54), 7, (27,4,55), 8, (27,4,56), 13, (27,4,57), 4, (27,4,510), 1, 
/* out0292_had-eta12-phi14*/	6, (27,3,40), 6, (27,3,42), 2, (27,3,43), 14, (27,3,49), 1, (27,4,54), 2, (27,4,55), 3, 
/* out0293_had-eta13-phi14*/	4, (27,3,42), 8, (27,3,46), 2, (27,3,49), 1, (27,3,410), 12, 
/* out0294_had-eta14-phi14*/	4, (27,3,45), 6, (27,3,46), 4, (27,3,410), 3, (27,3,411), 7, 
/* out0295_had-eta15-phi14*/	5, (27,2,33), 6, (27,2,39), 3, (27,3,37), 1, (27,3,45), 5, (27,3,411), 2, 
/* out0296_had-eta16-phi14*/	3, (27,2,33), 1, (27,2,39), 11, (27,2,310), 1, 
/* out0297_had-eta17-phi14*/	4, (27,2,38), 5, (27,2,39), 1, (27,2,310), 3, (27,2,311), 2, 
/* out0298_had-eta18-phi14*/	3, (27,2,21), 2, (27,2,38), 2, (27,2,311), 7, 
/* out0299_had-eta19-phi14*/	2, (27,2,21), 4, (27,2,311), 1, 
/* out0300_had-eta0-phi15*/	1, (40,3,70), 4, 
/* out0301_had-eta1-phi15*/	1, (40,3,70), 4, 
/* out0302_had-eta2-phi15*/	1, (40,2,70), 4, 
/* out0303_had-eta3-phi15*/	6, (27,7,100), 16, (27,7,101), 8, (27,7,102), 6, (27,7,111), 9, (40,1,70), 1, (40,2,70), 4, 
/* out0304_had-eta4-phi15*/	7, (27,7,90), 1, (27,7,91), 2, (27,6,90), 10, (27,6,92), 7, (27,7,101), 7, (27,7,102), 3, (40,1,70), 4, 
/* out0305_had-eta5-phi15*/	8, (27,6,80), 6, (27,6,81), 3, (27,5,80), 2, (27,5,82), 1, (27,6,91), 5, (27,6,92), 9, (40,0,70), 1, (40,1,70), 3, 
/* out0306_had-eta6-phi15*/	4, (27,5,70), 5, (27,6,81), 7, (27,5,82), 9, (40,0,70), 3, 
/* out0307_had-eta7-phi15*/	4, (27,5,70), 8, (27,5,71), 8, (27,5,72), 2, (40,0,70), 3, 
/* out0308_had-eta8-phi15*/	4, (27,4,60), 7, (27,4,62), 1, (27,5,71), 6, (40,0,70), 1, 
/* out0309_had-eta9-phi15*/	3, (27,4,60), 2, (27,4,61), 2, (27,4,62), 8, 
/* out0310_had-eta10-phi15*/	6, (27,3,53), 5, (27,3,59), 4, (27,4,51), 7, (27,4,57), 6, (27,4,61), 2, (27,4,62), 3, 
/* out0311_had-eta11-phi15*/	4, (27,3,58), 10, (27,3,59), 11, (27,4,54), 7, (27,4,57), 5, 
/* out0312_had-eta12-phi15*/	5, (27,3,40), 10, (27,3,41), 8, (27,3,42), 1, (27,3,58), 6, (27,3,511), 3, 
/* out0313_had-eta13-phi15*/	4, (27,3,41), 5, (27,3,42), 5, (27,3,46), 7, (27,3,47), 7, 
/* out0314_had-eta14-phi15*/	4, (27,3,44), 10, (27,3,45), 4, (27,3,46), 3, (27,3,47), 2, 
/* out0315_had-eta15-phi15*/	4, (27,2,30), 6, (27,2,33), 7, (27,3,44), 1, (27,3,45), 1, 
/* out0316_had-eta16-phi15*/	3, (27,2,32), 9, (27,2,33), 2, (27,2,310), 3, 
/* out0317_had-eta17-phi15*/	2, (27,2,36), 3, (27,2,310), 8, 
/* out0318_had-eta18-phi15*/	4, (27,2,35), 4, (27,2,36), 1, (27,2,310), 1, (27,2,311), 4, 
/* out0319_had-eta19-phi15*/	2, (27,2,35), 4, (27,2,311), 2, 
/* out0320_had-eta0-phi16*/	1, (40,3,80), 4, 
/* out0321_had-eta1-phi16*/	1, (40,3,80), 4, 
/* out0322_had-eta2-phi16*/	4, (27,6,111), 3, (27,7,110), 6, (27,7,111), 2, (40,2,80), 4, 
/* out0323_had-eta3-phi16*/	9, (27,7,101), 1, (27,6,100), 14, (27,6,101), 2, (27,6,102), 7, (27,6,111), 3, (27,7,110), 10, (27,7,111), 5, (40,1,80), 1, (40,2,80), 4, 
/* out0324_had-eta4-phi16*/	7, (27,6,90), 6, (27,6,91), 4, (27,5,90), 3, (27,5,92), 3, (27,6,101), 7, (27,6,102), 9, (40,1,80), 4, 
/* out0325_had-eta5-phi16*/	5, (27,5,80), 10, (27,6,91), 7, (27,5,92), 8, (40,0,80), 1, (40,1,80), 3, 
/* out0326_had-eta6-phi16*/	4, (27,5,80), 4, (27,5,81), 12, (27,5,82), 5, (40,0,80), 3, 
/* out0327_had-eta7-phi16*/	6, (27,5,71), 2, (27,4,70), 6, (27,4,72), 8, (27,5,81), 1, (27,5,82), 1, (40,0,80), 3, 
/* out0328_had-eta8-phi16*/	3, (27,4,60), 6, (27,4,72), 8, (40,0,80), 1, 
/* out0329_had-eta9-phi16*/	3, (27,4,60), 1, (27,4,61), 9, (27,3,62), 1, 
/* out0330_had-eta10-phi16*/	5, (27,3,50), 13, (27,3,51), 2, (27,3,52), 3, (27,3,53), 11, (27,4,61), 3, 
/* out0331_had-eta11-phi16*/	5, (27,3,52), 11, (27,3,56), 7, (27,3,59), 1, (27,3,510), 14, (27,3,511), 1, 
/* out0332_had-eta12-phi16*/	5, (27,3,41), 1, (27,3,55), 10, (27,3,56), 2, (27,3,510), 2, (27,3,511), 12, 
/* out0333_had-eta13-phi16*/	4, (27,3,41), 2, (27,3,47), 7, (27,2,43), 3, (27,2,49), 9, 
/* out0334_had-eta14-phi16*/	3, (27,3,44), 5, (27,2,48), 11, (27,2,49), 2, 
/* out0335_had-eta15-phi16*/	3, (27,2,30), 10, (27,2,31), 4, (27,2,48), 2, 
/* out0336_had-eta16-phi16*/	3, (27,2,31), 4, (27,2,32), 7, (27,2,36), 2, 
/* out0337_had-eta17-phi16*/	2, (27,2,36), 9, (27,2,37), 2, 
/* out0338_had-eta18-phi16*/	3, (27,2,34), 3, (27,2,35), 6, (27,2,36), 1, 
/* out0339_had-eta19-phi16*/	1, (27,2,35), 2, 
/* out0340_had-eta0-phi17*/	1, (40,3,80), 4, 
/* out0341_had-eta1-phi17*/	1, (40,3,80), 4, 
/* out0342_had-eta2-phi17*/	2, (27,6,111), 2, (40,2,80), 4, 
/* out0343_had-eta3-phi17*/	8, (27,5,100), 8, (27,5,102), 4, (27,6,100), 2, (27,6,101), 3, (27,6,110), 16, (27,6,111), 8, (40,1,80), 1, (40,2,80), 4, 
/* out0344_had-eta4-phi17*/	5, (27,5,102), 12, (27,5,90), 12, (27,5,91), 2, (27,6,101), 4, (40,1,80), 4, 
/* out0345_had-eta5-phi17*/	6, (27,4,80), 5, (27,5,90), 1, (27,5,91), 14, (27,5,92), 5, (40,0,80), 1, (40,1,80), 3, 
/* out0346_had-eta6-phi17*/	5, (27,4,70), 1, (27,5,81), 3, (27,4,80), 3, (27,4,82), 14, (40,0,80), 3, 
/* out0347_had-eta7-phi17*/	4, (27,4,70), 9, (27,4,71), 7, (27,4,82), 2, (40,0,80), 3, 
/* out0348_had-eta8-phi17*/	3, (27,4,71), 9, (27,3,60), 4, (40,0,80), 1, 
/* out0349_had-eta9-phi17*/	2, (27,3,60), 3, (27,3,62), 9, 
/* out0350_had-eta10-phi17*/	4, (27,3,50), 3, (27,3,51), 12, (27,3,57), 1, (27,3,62), 6, 
/* out0351_had-eta11-phi17*/	5, (27,3,51), 2, (27,3,52), 2, (27,3,54), 5, (27,3,56), 7, (27,3,57), 15, 
/* out0352_had-eta12-phi17*/	4, (27,3,54), 11, (27,3,55), 6, (27,2,40), 7, (27,2,43), 3, 
/* out0353_had-eta13-phi17*/	4, (27,2,42), 7, (27,2,43), 10, (27,2,49), 3, (27,2,410), 3, 
/* out0354_had-eta14-phi17*/	4, (27,2,48), 2, (27,2,49), 2, (27,2,410), 12, (27,2,411), 3, 
/* out0355_had-eta15-phi17*/	3, (27,2,31), 3, (27,2,48), 1, (27,2,411), 12, 
/* out0356_had-eta16-phi17*/	2, (27,2,31), 5, (27,2,37), 8, 
/* out0357_had-eta17-phi17*/	2, (27,2,34), 5, (27,2,37), 6, 
/* out0358_had-eta18-phi17*/	1, (27,2,34), 8, 
/* out0359_had-eta19-phi17*/	0, 
/* out0360_had-eta0-phi18*/	1, (40,3,90), 4, 
/* out0361_had-eta1-phi18*/	1, (40,3,90), 4, 
/* out0362_had-eta2-phi18*/	2, (27,5,110), 2, (40,2,90), 4, 
/* out0363_had-eta3-phi18*/	8, (27,4,100), 2, (27,4,102), 3, (27,5,100), 8, (27,5,101), 4, (27,5,110), 8, (27,5,111), 16, (40,1,90), 1, (40,2,90), 4, 
/* out0364_had-eta4-phi18*/	5, (27,4,90), 12, (27,4,92), 2, (27,4,102), 4, (27,5,101), 12, (40,1,90), 4, 
/* out0365_had-eta5-phi18*/	6, (27,4,80), 5, (27,4,90), 1, (27,4,91), 5, (27,4,92), 14, (40,0,90), 1, (40,1,90), 3, 
/* out0366_had-eta6-phi18*/	5, (27,3,70), 1, (27,3,82), 3, (27,4,80), 3, (27,4,81), 14, (40,0,90), 3, 
/* out0367_had-eta7-phi18*/	4, (27,3,70), 9, (27,3,72), 7, (27,4,81), 2, (40,0,90), 3, 
/* out0368_had-eta8-phi18*/	3, (27,3,60), 5, (27,3,72), 9, (40,0,90), 1, 
/* out0369_had-eta9-phi18*/	2, (27,3,60), 4, (27,3,61), 9, 
/* out0370_had-eta10-phi18*/	4, (27,2,50), 3, (27,2,53), 12, (27,2,59), 1, (27,3,61), 6, 
/* out0371_had-eta11-phi18*/	5, (27,2,52), 2, (27,2,53), 2, (27,2,58), 5, (27,2,59), 15, (27,2,510), 7, 
/* out0372_had-eta12-phi18*/	4, (27,2,40), 8, (27,2,41), 3, (27,2,58), 11, (27,2,511), 6, 
/* out0373_had-eta13-phi18*/	5, (27,2,40), 1, (27,2,41), 9, (27,2,42), 9, (27,2,46), 3, (27,2,47), 2, 
/* out0374_had-eta14-phi18*/	5, (27,2,44), 1, (27,2,45), 4, (27,2,46), 13, (27,2,47), 1, (27,2,410), 1, 
/* out0375_had-eta15-phi18*/	3, (27,2,45), 12, (27,2,411), 1, (27,1,33), 3, 
/* out0376_had-eta16-phi18*/	2, (27,1,33), 5, (27,1,39), 8, 
/* out0377_had-eta17-phi18*/	2, (27,1,38), 5, (27,1,39), 6, 
/* out0378_had-eta18-phi18*/	1, (27,1,38), 8, 
/* out0379_had-eta19-phi18*/	0, 
/* out0380_had-eta0-phi19*/	1, (40,3,90), 4, 
/* out0381_had-eta1-phi19*/	1, (40,3,90), 4, 
/* out0382_had-eta2-phi19*/	4, (27,4,110), 2, (27,4,111), 6, (27,5,110), 3, (40,2,90), 4, 
/* out0383_had-eta3-phi19*/	9, (27,3,102), 1, (27,4,100), 14, (27,4,101), 7, (27,4,102), 2, (27,4,110), 5, (27,4,111), 10, (27,5,110), 3, (40,1,90), 1, (40,2,90), 4, 
/* out0384_had-eta4-phi19*/	7, (27,3,90), 6, (27,3,92), 4, (27,4,90), 3, (27,4,91), 3, (27,4,101), 9, (27,4,102), 7, (40,1,90), 4, 
/* out0385_had-eta5-phi19*/	5, (27,3,80), 10, (27,3,92), 7, (27,4,91), 8, (40,0,90), 1, (40,1,90), 3, 
/* out0386_had-eta6-phi19*/	4, (27,3,80), 4, (27,3,81), 5, (27,3,82), 12, (40,0,90), 3, 
/* out0387_had-eta7-phi19*/	6, (27,3,70), 6, (27,3,71), 8, (27,3,81), 1, (27,3,82), 1, (27,2,72), 2, (40,0,90), 3, 
/* out0388_had-eta8-phi19*/	3, (27,3,71), 8, (27,2,60), 6, (40,0,90), 1, 
/* out0389_had-eta9-phi19*/	3, (27,3,61), 1, (27,2,60), 1, (27,2,62), 9, 
/* out0390_had-eta10-phi19*/	5, (27,2,50), 13, (27,2,51), 11, (27,2,52), 3, (27,2,53), 2, (27,2,62), 3, 
/* out0391_had-eta11-phi19*/	5, (27,2,52), 11, (27,2,55), 1, (27,2,56), 14, (27,2,57), 1, (27,2,510), 7, 
/* out0392_had-eta12-phi19*/	6, (27,2,41), 1, (27,2,55), 12, (27,2,56), 2, (27,2,510), 2, (27,2,511), 10, (27,1,43), 1, 
/* out0393_had-eta13-phi19*/	4, (27,2,41), 3, (27,2,47), 10, (27,1,43), 2, (27,1,49), 7, 
/* out0394_had-eta14-phi19*/	3, (27,2,44), 12, (27,2,47), 3, (27,1,48), 5, 
/* out0395_had-eta15-phi19*/	3, (27,2,44), 3, (27,1,30), 10, (27,1,33), 4, 
/* out0396_had-eta16-phi19*/	3, (27,1,32), 7, (27,1,33), 4, (27,1,310), 2, 
/* out0397_had-eta17-phi19*/	2, (27,1,39), 2, (27,1,310), 9, 
/* out0398_had-eta18-phi19*/	3, (27,1,38), 3, (27,1,310), 1, (27,1,311), 6, 
/* out0399_had-eta19-phi19*/	1, (27,1,311), 2, 
/* out0400_had-eta0-phi20*/	1, (40,3,100), 4, 
/* out0401_had-eta1-phi20*/	1, (40,3,100), 4, 
/* out0402_had-eta2-phi20*/	1, (40,2,100), 4, 
/* out0403_had-eta3-phi20*/	6, (27,3,100), 16, (27,3,101), 6, (27,3,102), 8, (27,4,110), 9, (40,1,100), 1, (40,2,100), 4, 
/* out0404_had-eta4-phi20*/	7, (27,3,90), 10, (27,3,91), 7, (27,3,101), 3, (27,3,102), 7, (27,2,90), 1, (27,2,92), 2, (40,1,100), 4, 
/* out0405_had-eta5-phi20*/	8, (27,3,80), 2, (27,3,81), 1, (27,3,91), 9, (27,3,92), 5, (27,2,80), 6, (27,2,82), 3, (40,0,100), 1, (40,1,100), 3, 
/* out0406_had-eta6-phi20*/	4, (27,3,81), 9, (27,2,70), 5, (27,2,82), 7, (40,0,100), 3, 
/* out0407_had-eta7-phi20*/	4, (27,2,70), 8, (27,2,71), 2, (27,2,72), 8, (40,0,100), 3, 
/* out0408_had-eta8-phi20*/	4, (27,2,60), 7, (27,2,61), 1, (27,2,72), 6, (40,0,100), 1, 
/* out0409_had-eta9-phi20*/	3, (27,2,60), 2, (27,2,61), 8, (27,2,62), 2, 
/* out0410_had-eta10-phi20*/	6, (27,2,51), 5, (27,2,57), 4, (27,1,53), 7, (27,1,59), 6, (27,2,61), 3, (27,2,62), 2, 
/* out0411_had-eta11-phi20*/	4, (27,2,54), 10, (27,2,57), 11, (27,1,58), 7, (27,1,59), 5, 
/* out0412_had-eta12-phi20*/	5, (27,2,54), 6, (27,2,55), 3, (27,1,40), 10, (27,1,42), 1, (27,1,43), 8, 
/* out0413_had-eta13-phi20*/	4, (27,1,42), 5, (27,1,43), 5, (27,1,49), 7, (27,1,410), 7, 
/* out0414_had-eta14-phi20*/	4, (27,1,48), 10, (27,1,49), 2, (27,1,410), 3, (27,1,411), 4, 
/* out0415_had-eta15-phi20*/	4, (27,1,30), 6, (27,1,31), 7, (27,1,48), 1, (27,1,411), 1, 
/* out0416_had-eta16-phi20*/	3, (27,1,31), 2, (27,1,32), 9, (27,1,36), 3, 
/* out0417_had-eta17-phi20*/	2, (27,1,36), 8, (27,1,310), 3, 
/* out0418_had-eta18-phi20*/	4, (27,1,35), 4, (27,1,36), 1, (27,1,310), 1, (27,1,311), 4, 
/* out0419_had-eta19-phi20*/	2, (27,1,35), 2, (27,1,311), 4, 
/* out0420_had-eta0-phi21*/	1, (40,3,100), 4, 
/* out0421_had-eta1-phi21*/	1, (40,3,100), 4, 
/* out0422_had-eta2-phi21*/	2, (27,2,100), 4, (40,2,100), 4, 
/* out0423_had-eta3-phi21*/	7, (27,3,101), 6, (27,2,90), 1, (27,2,100), 10, (27,2,101), 2, (27,2,102), 16, (40,1,100), 1, (40,2,100), 4, 
/* out0424_had-eta4-phi21*/	5, (27,3,101), 1, (27,2,90), 14, (27,2,91), 8, (27,2,92), 9, (40,1,100), 4, 
/* out0425_had-eta5-phi21*/	8, (27,2,80), 10, (27,2,81), 7, (27,2,91), 2, (27,2,92), 5, (27,1,80), 1, (27,1,82), 1, (40,0,100), 1, (40,1,100), 3, 
/* out0426_had-eta6-phi21*/	6, (27,2,70), 2, (27,2,81), 9, (27,2,82), 6, (27,1,70), 3, (27,1,72), 1, (40,0,100), 3, 
/* out0427_had-eta7-phi21*/	5, (27,2,70), 1, (27,2,71), 11, (27,1,60), 1, (27,1,72), 5, (40,0,100), 3, 
/* out0428_had-eta8-phi21*/	5, (27,2,61), 1, (27,2,71), 3, (27,1,60), 7, (27,1,62), 4, (40,0,100), 1, 
/* out0429_had-eta9-phi21*/	3, (27,1,50), 8, (27,2,61), 3, (27,1,62), 6, 
/* out0430_had-eta10-phi21*/	7, (27,1,50), 8, (27,1,51), 4, (27,1,52), 14, (27,1,53), 9, (27,1,56), 1, (27,1,59), 1, (27,1,510), 3, 
/* out0431_had-eta11-phi21*/	5, (27,1,56), 1, (27,1,58), 7, (27,1,59), 4, (27,1,510), 13, (27,1,511), 8, 
/* out0432_had-eta12-phi21*/	6, (27,1,40), 6, (27,1,41), 14, (27,1,42), 2, (27,1,47), 1, (27,1,58), 2, (27,1,511), 3, 
/* out0433_had-eta13-phi21*/	4, (27,1,42), 8, (27,1,46), 12, (27,1,47), 1, (27,1,410), 2, 
/* out0434_had-eta14-phi21*/	4, (27,1,45), 7, (27,1,46), 3, (27,1,410), 4, (27,1,411), 6, 
/* out0435_had-eta15-phi21*/	4, (27,1,31), 6, (27,1,37), 3, (27,1,45), 2, (27,1,411), 5, 
/* out0436_had-eta16-phi21*/	3, (27,1,31), 1, (27,1,36), 1, (27,1,37), 11, 
/* out0437_had-eta17-phi21*/	4, (27,1,34), 5, (27,1,35), 2, (27,1,36), 3, (27,1,37), 1, 
/* out0438_had-eta18-phi21*/	2, (27,1,34), 2, (27,1,35), 7, 
/* out0439_had-eta19-phi21*/	1, (27,1,35), 1, 
/* out0440_had-eta0-phi22*/	1, (40,3,110), 4, 
/* out0441_had-eta1-phi22*/	1, (40,3,110), 4, 
/* out0442_had-eta2-phi22*/	3, (27,2,100), 1, (27,1,101), 2, (40,2,110), 4, 
/* out0443_had-eta3-phi22*/	6, (27,2,100), 1, (27,2,101), 14, (27,1,90), 11, (27,1,101), 12, (40,1,110), 1, (40,2,110), 4, 
/* out0444_had-eta4-phi22*/	6, (27,2,91), 6, (27,1,80), 5, (27,1,90), 3, (27,1,91), 2, (27,1,92), 15, (40,1,110), 4, 
/* out0445_had-eta5-phi22*/	5, (27,1,80), 10, (27,1,81), 4, (27,1,82), 11, (40,0,110), 1, (40,1,110), 3, 
/* out0446_had-eta6-phi22*/	4, (27,1,70), 13, (27,1,71), 3, (27,1,82), 4, (40,0,110), 3, 
/* out0447_had-eta7-phi22*/	4, (27,1,60), 2, (27,1,71), 5, (27,1,72), 10, (40,0,110), 3, 
/* out0448_had-eta8-phi22*/	4, (27,1,60), 6, (27,1,61), 8, (27,1,62), 1, (40,0,110), 1, 
/* out0449_had-eta9-phi22*/	3, (27,1,51), 4, (27,1,61), 5, (27,1,62), 5, 
/* out0450_had-eta10-phi22*/	5, (27,1,51), 8, (27,1,52), 2, (27,1,54), 4, (27,1,56), 7, (27,1,57), 16, 
/* out0451_had-eta11-phi22*/	4, (27,1,54), 8, (27,1,55), 14, (27,1,56), 7, (27,1,511), 2, 
/* out0452_had-eta12-phi22*/	4, (27,1,41), 2, (27,1,47), 6, (27,1,55), 2, (27,1,511), 3, 
/* out0453_had-eta13-phi22*/	3, (27,1,44), 11, (27,1,46), 1, (27,1,47), 8, 
/* out0454_had-eta14-phi22*/	2, (27,1,44), 5, (27,1,45), 7, 
/* out0455_had-eta15-phi22*/	0, 
/* out0456_had-eta16-phi22*/	2, (27,1,34), 2, (27,1,37), 1, 
/* out0457_had-eta17-phi22*/	1, (27,1,34), 6, 
/* out0458_had-eta18-phi22*/	1, (27,1,34), 1, 
/* out0459_had-eta19-phi22*/	0, 
/* out0460_had-eta0-phi23*/	1, (40,3,110), 4, 
/* out0461_had-eta1-phi23*/	1, (40,3,110), 4, 
/* out0462_had-eta2-phi23*/	1, (40,2,110), 4, 
/* out0463_had-eta3-phi23*/	6, (27,1,90), 2, (27,1,91), 4, (27,1,100), 16, (27,1,101), 2, (40,1,110), 1, (40,2,110), 4, 
/* out0464_had-eta4-phi23*/	4, (27,1,81), 1, (27,1,91), 10, (27,1,92), 1, (40,1,110), 4, 
/* out0465_had-eta5-phi23*/	3, (27,1,81), 10, (40,0,110), 1, (40,1,110), 3, 
/* out0466_had-eta6-phi23*/	3, (27,1,71), 4, (27,1,81), 1, (40,0,110), 3, 
/* out0467_had-eta7-phi23*/	2, (27,1,71), 4, (40,0,110), 3, 
/* out0468_had-eta8-phi23*/	2, (27,1,61), 2, (40,0,110), 1, 
/* out0469_had-eta9-phi23*/	1, (27,1,61), 1, 
/* out0470_had-eta10-phi23*/	1, (27,1,54), 1, 
/* out0471_had-eta11-phi23*/	1, (27,1,54), 3, 
/* out0472_had-eta12-phi23*/	0, 
/* out0473_had-eta13-phi23*/	0, 
/* out0474_had-eta14-phi23*/	0, 
/* out0475_had-eta15-phi23*/	0, 
/* out0476_had-eta16-phi23*/	0, 
/* out0477_had-eta17-phi23*/	0, 
/* out0478_had-eta18-phi23*/	0, 
/* out0479_had-eta19-phi23*/	0, 
