
format module = (Layer,u,v),fraction of 1/16
Number of Ptts = 480
Number CEH modules =95Number CEH scintilators =60
Board 0x640C0000Board number = 12
/* out0000_had-eta0-phi0*/	0, 
/* out0001_had-eta1-phi0*/	1, (46,4,00), 3, 
/* out0002_had-eta2-phi0*/	1, (46,4,00), 4, 
/* out0003_had-eta3-phi0*/	2, (46,3,00), 4, (46,4,00), 1, 
/* out0004_had-eta4-phi0*/	3, (35,9,00), 1, (35,9,01), 1, (46,3,00), 4, 
/* out0005_had-eta5-phi0*/	4, (35,8,02), 10, (35,9,00), 2, (35,9,01), 14, (46,2,00), 5, 
/* out0006_had-eta6-phi0*/	5, (35,7,02), 1, (35,8,00), 1, (35,8,01), 14, (35,8,02), 5, (46,2,00), 3, 
/* out0007_had-eta7-phi0*/	3, (35,7,01), 6, (35,7,02), 12, (46,1,00), 3, 
/* out0008_had-eta8-phi0*/	3, (35,6,02), 6, (35,7,01), 6, (46,1,00), 3, 
/* out0009_had-eta9-phi0*/	4, (35,6,01), 8, (35,6,02), 5, (46,0,00), 1, (46,1,00), 2, 
/* out0010_had-eta10-phi0*/	3, (35,5,02), 5, (35,6,01), 2, (46,0,00), 6, 
/* out0011_had-eta11-phi0*/	3, (35,5,01), 5, (35,5,02), 4, (46,0,00), 1, 
/* out0012_had-eta12-phi0*/	2, (35,4,02), 1, (35,5,01), 2, 
/* out0013_had-eta13-phi0*/	2, (35,4,01), 1, (35,4,02), 5, 
/* out0014_had-eta14-phi0*/	1, (35,4,01), 4, 
/* out0015_had-eta15-phi0*/	1, (35,3,02), 1, 
/* out0016_had-eta16-phi0*/	1, (35,3,02), 3, 
/* out0017_had-eta17-phi0*/	1, (35,3,01), 2, 
/* out0018_had-eta18-phi0*/	0, 
/* out0019_had-eta19-phi0*/	0, 
/* out0020_had-eta0-phi1*/	0, 
/* out0021_had-eta1-phi1*/	1, (46,4,00), 3, 
/* out0022_had-eta2-phi1*/	1, (46,4,00), 4, 
/* out0023_had-eta3-phi1*/	2, (46,3,00), 4, (46,4,00), 1, 
/* out0024_had-eta4-phi1*/	3, (35,9,12), 3, (35,9,00), 3, (46,3,00), 4, 
/* out0025_had-eta5-phi1*/	7, (35,9,11), 11, (35,9,12), 11, (35,8,00), 4, (35,8,02), 1, (35,9,00), 10, (35,9,01), 1, (46,2,00), 5, 
/* out0026_had-eta6-phi1*/	7, (35,8,11), 3, (35,8,12), 10, (35,9,11), 1, (35,7,02), 1, (35,8,00), 11, (35,8,01), 2, (46,2,00), 3, 
/* out0027_had-eta7-phi1*/	6, (35,7,12), 2, (35,8,11), 4, (35,7,00), 14, (35,7,01), 1, (35,7,02), 2, (46,1,00), 3, 
/* out0028_had-eta8-phi1*/	7, (35,7,11), 3, (35,7,12), 3, (35,6,00), 4, (35,6,02), 4, (35,7,00), 2, (35,7,01), 3, (46,1,00), 3, 
/* out0029_had-eta9-phi1*/	5, (35,6,00), 11, (35,6,01), 3, (35,6,02), 1, (46,0,00), 1, (46,1,00), 2, 
/* out0030_had-eta10-phi1*/	5, (35,6,12), 1, (35,5,00), 3, (35,5,02), 6, (35,6,01), 3, (46,0,00), 6, 
/* out0031_had-eta11-phi1*/	4, (35,5,00), 5, (35,5,01), 4, (35,5,02), 1, (46,0,00), 1, 
/* out0032_had-eta12-phi1*/	2, (35,4,02), 4, (35,5,01), 5, 
/* out0033_had-eta13-phi1*/	3, (35,4,00), 2, (35,4,01), 1, (35,4,02), 5, 
/* out0034_had-eta14-phi1*/	1, (35,4,01), 6, 
/* out0035_had-eta15-phi1*/	2, (35,3,02), 4, (35,4,01), 2, 
/* out0036_had-eta16-phi1*/	1, (35,3,02), 4, 
/* out0037_had-eta17-phi1*/	1, (35,3,01), 4, 
/* out0038_had-eta18-phi1*/	1, (35,3,01), 3, 
/* out0039_had-eta19-phi1*/	0, 
/* out0040_had-eta0-phi2*/	0, 
/* out0041_had-eta1-phi2*/	1, (46,4,10), 3, 
/* out0042_had-eta2-phi2*/	1, (46,4,10), 4, 
/* out0043_had-eta3-phi2*/	2, (46,3,10), 4, (46,4,10), 1, 
/* out0044_had-eta4-phi2*/	3, (35,9,10), 1, (35,9,12), 1, (46,3,10), 4, 
/* out0045_had-eta5-phi2*/	6, (35,9,21), 1, (35,9,22), 9, (35,9,10), 15, (35,9,11), 3, (35,9,12), 1, (46,2,10), 5, 
/* out0046_had-eta6-phi2*/	7, (35,8,22), 1, (35,9,21), 4, (35,8,10), 14, (35,8,11), 2, (35,8,12), 6, (35,9,11), 1, (46,2,10), 3, 
/* out0047_had-eta7-phi2*/	7, (35,8,21), 1, (35,8,22), 1, (35,7,10), 4, (35,7,12), 8, (35,8,10), 2, (35,8,11), 7, (46,1,10), 3, 
/* out0048_had-eta8-phi2*/	4, (35,7,10), 4, (35,7,11), 11, (35,7,12), 3, (46,1,10), 3, 
/* out0049_had-eta9-phi2*/	5, (35,6,12), 13, (35,7,11), 2, (35,6,00), 1, (46,0,10), 1, (46,1,10), 2, 
/* out0050_had-eta10-phi2*/	4, (35,6,11), 10, (35,6,12), 1, (35,5,00), 2, (46,0,10), 6, 
/* out0051_had-eta11-phi2*/	4, (35,5,12), 5, (35,6,11), 1, (35,5,00), 5, (46,0,10), 1, 
/* out0052_had-eta12-phi2*/	5, (35,5,11), 4, (35,5,12), 2, (35,4,00), 2, (35,4,02), 1, (35,5,00), 1, 
/* out0053_had-eta13-phi2*/	1, (35,4,00), 7, 
/* out0054_had-eta14-phi2*/	2, (35,4,00), 4, (35,4,01), 1, 
/* out0055_had-eta15-phi2*/	3, (35,3,00), 2, (35,3,02), 3, (35,4,01), 1, 
/* out0056_had-eta16-phi2*/	2, (35,3,00), 3, (35,3,02), 1, 
/* out0057_had-eta17-phi2*/	2, (35,3,00), 1, (35,3,01), 3, 
/* out0058_had-eta18-phi2*/	1, (35,3,01), 3, 
/* out0059_had-eta19-phi2*/	0, 
/* out0060_had-eta0-phi3*/	0, 
/* out0061_had-eta1-phi3*/	1, (46,4,10), 3, 
/* out0062_had-eta2-phi3*/	1, (46,4,10), 4, 
/* out0063_had-eta3-phi3*/	2, (46,3,10), 4, (46,4,10), 1, 
/* out0064_had-eta4-phi3*/	2, (35,10,32), 14, (46,3,10), 4, 
/* out0065_had-eta5-phi3*/	7, (35,9,32), 1, (35,10,31), 7, (35,10,32), 2, (35,9,20), 14, (35,9,21), 2, (35,9,22), 7, (46,2,10), 5, 
/* out0066_had-eta6-phi3*/	7, (35,9,31), 1, (35,9,32), 1, (35,8,20), 4, (35,8,22), 10, (35,9,20), 2, (35,9,21), 9, (46,2,10), 3, 
/* out0067_had-eta7-phi3*/	6, (35,7,22), 1, (35,8,20), 2, (35,8,21), 14, (35,8,22), 4, (35,7,10), 2, (46,1,10), 3, 
/* out0068_had-eta8-phi3*/	4, (35,7,21), 2, (35,7,22), 10, (35,7,10), 6, (46,1,10), 3, 
/* out0069_had-eta9-phi3*/	5, (35,7,21), 4, (35,6,10), 10, (35,6,12), 1, (46,0,10), 1, (46,1,10), 2, 
/* out0070_had-eta10-phi3*/	5, (35,6,22), 1, (35,5,12), 1, (35,6,10), 6, (35,6,11), 5, (46,0,10), 6, 
/* out0071_had-eta11-phi3*/	3, (35,5,10), 4, (35,5,12), 7, (46,0,10), 1, 
/* out0072_had-eta12-phi3*/	3, (35,5,10), 1, (35,5,11), 7, (35,5,12), 1, 
/* out0073_had-eta13-phi3*/	3, (35,4,12), 4, (35,5,11), 3, (35,4,00), 1, 
/* out0074_had-eta14-phi3*/	2, (35,4,11), 1, (35,4,12), 6, 
/* out0075_had-eta15-phi3*/	2, (35,4,11), 4, (35,3,00), 1, 
/* out0076_had-eta16-phi3*/	1, (35,3,00), 4, 
/* out0077_had-eta17-phi3*/	1, (35,3,00), 4, 
/* out0078_had-eta18-phi3*/	2, (35,3,00), 1, (35,3,01), 1, 
/* out0079_had-eta19-phi3*/	0, 
/* out0080_had-eta0-phi4*/	0, 
/* out0081_had-eta1-phi4*/	1, (46,4,20), 3, 
/* out0082_had-eta2-phi4*/	1, (46,4,20), 4, 
/* out0083_had-eta3-phi4*/	2, (46,3,20), 4, (46,4,20), 1, 
/* out0084_had-eta4-phi4*/	4, (35,10,30), 6, (35,10,31), 1, (35,10,42), 1, (46,3,20), 4, 
/* out0085_had-eta5-phi4*/	7, (35,9,30), 7, (35,9,32), 11, (35,10,30), 10, (35,10,31), 8, (35,10,41), 2, (35,10,42), 11, (46,2,20), 5, 
/* out0086_had-eta6-phi4*/	6, (35,8,32), 4, (35,9,30), 3, (35,9,31), 14, (35,9,32), 3, (35,8,20), 4, (46,2,20), 3, 
/* out0087_had-eta7-phi4*/	7, (35,8,31), 5, (35,8,32), 8, (35,7,20), 2, (35,7,22), 2, (35,8,20), 6, (35,8,21), 1, (46,1,20), 3, 
/* out0088_had-eta8-phi4*/	4, (35,7,20), 12, (35,7,21), 3, (35,7,22), 3, (46,1,20), 3, 
/* out0089_had-eta9-phi4*/	5, (35,6,22), 8, (35,7,20), 1, (35,7,21), 7, (46,0,20), 1, (46,1,20), 2, 
/* out0090_had-eta10-phi4*/	3, (35,6,21), 6, (35,6,22), 7, (46,0,20), 6, 
/* out0091_had-eta11-phi4*/	4, (35,5,22), 1, (35,6,21), 3, (35,5,10), 6, (46,0,20), 1, 
/* out0092_had-eta12-phi4*/	3, (35,5,22), 2, (35,5,10), 5, (35,5,11), 2, 
/* out0093_had-eta13-phi4*/	2, (35,4,10), 3, (35,4,12), 4, 
/* out0094_had-eta14-phi4*/	3, (35,4,10), 2, (35,4,11), 2, (35,4,12), 2, 
/* out0095_had-eta15-phi4*/	1, (35,4,11), 5, 
/* out0096_had-eta16-phi4*/	2, (35,4,11), 1, (35,3,12), 3, 
/* out0097_had-eta17-phi4*/	1, (35,3,12), 3, 
/* out0098_had-eta18-phi4*/	2, (35,3,11), 2, (35,3,12), 1, 
/* out0099_had-eta19-phi4*/	0, 
/* out0100_had-eta0-phi5*/	0, 
/* out0101_had-eta1-phi5*/	1, (46,4,20), 3, 
/* out0102_had-eta2-phi5*/	1, (46,4,20), 4, 
/* out0103_had-eta3-phi5*/	2, (46,3,20), 4, (46,4,20), 1, 
/* out0104_had-eta4-phi5*/	1, (46,3,20), 4, 
/* out0105_had-eta5-phi5*/	6, (35,9,42), 9, (35,9,30), 3, (35,10,40), 16, (35,10,41), 14, (35,10,42), 4, (46,2,20), 5, 
/* out0106_had-eta6-phi5*/	7, (35,9,41), 8, (35,9,42), 7, (35,8,30), 5, (35,8,32), 2, (35,9,30), 3, (35,9,31), 1, (46,2,20), 3, 
/* out0107_had-eta7-phi5*/	5, (35,7,32), 1, (35,8,30), 11, (35,8,31), 9, (35,8,32), 2, (46,1,20), 3, 
/* out0108_had-eta8-phi5*/	5, (35,7,31), 1, (35,7,32), 14, (35,8,31), 2, (35,7,20), 1, (46,1,20), 3, 
/* out0109_had-eta9-phi5*/	5, (35,7,31), 7, (35,7,32), 1, (35,6,20), 7, (46,0,20), 1, (46,1,20), 2, 
/* out0110_had-eta10-phi5*/	3, (35,6,20), 9, (35,6,21), 4, (46,0,20), 6, 
/* out0111_had-eta11-phi5*/	3, (35,5,22), 8, (35,6,21), 3, (46,0,20), 1, 
/* out0112_had-eta12-phi5*/	2, (35,5,21), 4, (35,5,22), 5, 
/* out0113_had-eta13-phi5*/	2, (35,5,21), 4, (35,4,10), 4, 
/* out0114_had-eta14-phi5*/	1, (35,4,10), 6, 
/* out0115_had-eta15-phi5*/	3, (35,4,10), 1, (35,4,11), 3, (35,3,12), 1, 
/* out0116_had-eta16-phi5*/	1, (35,3,12), 5, 
/* out0117_had-eta17-phi5*/	2, (35,3,11), 1, (35,3,12), 3, 
/* out0118_had-eta18-phi5*/	1, (35,3,11), 5, 
/* out0119_had-eta19-phi5*/	0, 
/* out0120_had-eta0-phi6*/	0, 
/* out0121_had-eta1-phi6*/	1, (46,4,30), 3, 
/* out0122_had-eta2-phi6*/	1, (46,4,30), 4, 
/* out0123_had-eta3-phi6*/	2, (46,3,30), 4, (46,4,30), 1, 
/* out0124_had-eta4-phi6*/	1, (46,3,30), 4, 
/* out0125_had-eta5-phi6*/	6, (35,9,40), 9, (35,9,52), 3, (35,10,50), 4, (35,10,51), 14, (35,10,52), 16, (46,2,30), 5, 
/* out0126_had-eta6-phi6*/	7, (35,8,40), 2, (35,8,42), 5, (35,9,40), 7, (35,9,41), 8, (35,9,51), 1, (35,9,52), 3, (46,2,30), 3, 
/* out0127_had-eta7-phi6*/	5, (35,7,30), 1, (35,8,40), 2, (35,8,41), 9, (35,8,42), 11, (46,1,30), 3, 
/* out0128_had-eta8-phi6*/	5, (35,7,42), 1, (35,7,30), 14, (35,7,31), 1, (35,8,41), 2, (46,1,30), 3, 
/* out0129_had-eta9-phi6*/	5, (35,6,32), 7, (35,7,30), 1, (35,7,31), 7, (46,0,30), 1, (46,1,30), 2, 
/* out0130_had-eta10-phi6*/	3, (35,6,31), 4, (35,6,32), 9, (46,0,30), 6, 
/* out0131_had-eta11-phi6*/	3, (35,5,20), 8, (35,6,31), 3, (46,0,30), 1, 
/* out0132_had-eta12-phi6*/	2, (35,5,20), 5, (35,5,21), 4, 
/* out0133_had-eta13-phi6*/	2, (35,5,21), 4, (35,4,22), 4, 
/* out0134_had-eta14-phi6*/	1, (35,4,22), 6, 
/* out0135_had-eta15-phi6*/	3, (35,3,10), 1, (35,4,21), 3, (35,4,22), 1, 
/* out0136_had-eta16-phi6*/	1, (35,3,10), 4, 
/* out0137_had-eta17-phi6*/	2, (35,3,10), 3, (35,3,11), 1, 
/* out0138_had-eta18-phi6*/	1, (35,3,11), 5, 
/* out0139_had-eta19-phi6*/	0, 
/* out0140_had-eta0-phi7*/	0, 
/* out0141_had-eta1-phi7*/	1, (46,4,30), 3, 
/* out0142_had-eta2-phi7*/	1, (46,4,30), 4, 
/* out0143_had-eta3-phi7*/	2, (46,3,30), 4, (46,4,30), 1, 
/* out0144_had-eta4-phi7*/	4, (35,10,50), 1, (35,10,61), 1, (35,10,62), 6, (46,3,30), 4, 
/* out0145_had-eta5-phi7*/	7, (35,9,50), 11, (35,9,52), 7, (35,10,50), 11, (35,10,51), 2, (35,10,61), 8, (35,10,62), 10, (46,2,30), 5, 
/* out0146_had-eta6-phi7*/	6, (35,8,52), 4, (35,8,40), 4, (35,9,50), 3, (35,9,51), 14, (35,9,52), 3, (46,2,30), 3, 
/* out0147_had-eta7-phi7*/	7, (35,7,40), 2, (35,7,42), 2, (35,8,51), 1, (35,8,52), 6, (35,8,40), 8, (35,8,41), 5, (46,1,30), 3, 
/* out0148_had-eta8-phi7*/	4, (35,7,40), 3, (35,7,41), 3, (35,7,42), 12, (46,1,30), 3, 
/* out0149_had-eta9-phi7*/	5, (35,6,30), 8, (35,7,41), 7, (35,7,42), 1, (46,0,30), 1, (46,1,30), 2, 
/* out0150_had-eta10-phi7*/	3, (35,6,30), 7, (35,6,31), 6, (46,0,30), 6, 
/* out0151_had-eta11-phi7*/	4, (35,5,20), 1, (35,6,31), 3, (35,5,32), 6, (46,0,30), 1, 
/* out0152_had-eta12-phi7*/	3, (35,5,20), 2, (35,5,31), 2, (35,5,32), 5, 
/* out0153_had-eta13-phi7*/	2, (35,4,20), 4, (35,4,22), 3, 
/* out0154_had-eta14-phi7*/	3, (35,4,20), 2, (35,4,21), 2, (35,4,22), 2, 
/* out0155_had-eta15-phi7*/	1, (35,4,21), 5, 
/* out0156_had-eta16-phi7*/	2, (35,3,10), 3, (35,4,21), 1, 
/* out0157_had-eta17-phi7*/	1, (35,3,10), 4, 
/* out0158_had-eta18-phi7*/	2, (35,3,10), 1, (35,3,11), 2, 
/* out0159_had-eta19-phi7*/	0, 
/* out0160_had-eta0-phi8*/	0, 
/* out0161_had-eta1-phi8*/	1, (46,4,40), 3, 
/* out0162_had-eta2-phi8*/	1, (46,4,40), 4, 
/* out0163_had-eta3-phi8*/	2, (46,3,40), 4, (46,4,40), 1, 
/* out0164_had-eta4-phi8*/	2, (35,10,60), 14, (46,3,40), 4, 
/* out0165_had-eta5-phi8*/	7, (35,9,60), 7, (35,9,61), 2, (35,9,62), 14, (35,9,50), 1, (35,10,60), 2, (35,10,61), 7, (46,2,40), 5, 
/* out0166_had-eta6-phi8*/	7, (35,8,50), 10, (35,8,52), 4, (35,9,61), 9, (35,9,62), 2, (35,9,50), 1, (35,9,51), 1, (46,2,40), 3, 
/* out0167_had-eta7-phi8*/	6, (35,7,40), 1, (35,8,50), 4, (35,8,51), 14, (35,8,52), 2, (35,7,52), 2, (46,1,40), 3, 
/* out0168_had-eta8-phi8*/	4, (35,7,40), 10, (35,7,41), 2, (35,7,52), 6, (46,1,40), 3, 
/* out0169_had-eta9-phi8*/	5, (35,7,41), 4, (35,6,40), 1, (35,6,42), 10, (46,0,40), 1, (46,1,40), 2, 
/* out0170_had-eta10-phi8*/	5, (35,6,30), 1, (35,5,30), 1, (35,6,41), 5, (35,6,42), 6, (46,0,40), 6, 
/* out0171_had-eta11-phi8*/	3, (35,5,30), 7, (35,5,32), 4, (46,0,40), 1, 
/* out0172_had-eta12-phi8*/	3, (35,5,30), 1, (35,5,31), 7, (35,5,32), 1, 
/* out0173_had-eta13-phi8*/	3, (35,4,32), 1, (35,4,20), 4, (35,5,31), 3, 
/* out0174_had-eta14-phi8*/	2, (35,4,20), 6, (35,4,21), 1, 
/* out0175_had-eta15-phi8*/	2, (35,3,22), 1, (35,4,21), 4, 
/* out0176_had-eta16-phi8*/	1, (35,3,22), 4, 
/* out0177_had-eta17-phi8*/	1, (35,3,22), 4, 
/* out0178_had-eta18-phi8*/	2, (35,3,21), 1, (35,3,22), 1, 
/* out0179_had-eta19-phi8*/	0, 
/* out0180_had-eta0-phi9*/	0, 
/* out0181_had-eta1-phi9*/	1, (46,4,40), 3, 
/* out0182_had-eta2-phi9*/	1, (46,4,40), 4, 
/* out0183_had-eta3-phi9*/	2, (46,3,40), 4, (46,4,40), 1, 
/* out0184_had-eta4-phi9*/	3, (35,9,70), 1, (35,9,72), 1, (46,3,40), 4, 
/* out0185_had-eta5-phi9*/	6, (35,9,60), 9, (35,9,61), 1, (35,9,70), 1, (35,9,71), 3, (35,9,72), 15, (46,2,40), 5, 
/* out0186_had-eta6-phi9*/	7, (35,8,50), 1, (35,9,61), 4, (35,8,60), 6, (35,8,61), 2, (35,8,62), 14, (35,9,71), 1, (46,2,40), 3, 
/* out0187_had-eta7-phi9*/	7, (35,8,50), 1, (35,8,51), 1, (35,7,50), 8, (35,7,52), 4, (35,8,61), 7, (35,8,62), 2, (46,1,40), 3, 
/* out0188_had-eta8-phi9*/	4, (35,7,50), 3, (35,7,51), 11, (35,7,52), 4, (46,1,40), 3, 
/* out0189_had-eta9-phi9*/	5, (35,6,52), 1, (35,6,40), 13, (35,7,51), 2, (46,0,40), 1, (46,1,40), 2, 
/* out0190_had-eta10-phi9*/	4, (35,5,42), 2, (35,6,40), 1, (35,6,41), 10, (46,0,40), 6, 
/* out0191_had-eta11-phi9*/	4, (35,5,42), 5, (35,5,30), 5, (35,6,41), 1, (46,0,40), 1, 
/* out0192_had-eta12-phi9*/	5, (35,4,30), 1, (35,4,32), 2, (35,5,42), 1, (35,5,30), 2, (35,5,31), 4, 
/* out0193_had-eta13-phi9*/	1, (35,4,32), 7, 
/* out0194_had-eta14-phi9*/	2, (35,4,31), 1, (35,4,32), 4, 
/* out0195_had-eta15-phi9*/	3, (35,3,20), 3, (35,3,22), 2, (35,4,31), 1, 
/* out0196_had-eta16-phi9*/	2, (35,3,20), 1, (35,3,22), 3, 
/* out0197_had-eta17-phi9*/	2, (35,3,21), 3, (35,3,22), 1, 
/* out0198_had-eta18-phi9*/	1, (35,3,21), 3, 
/* out0199_had-eta19-phi9*/	0, 
/* out0200_had-eta0-phi10*/	0, 
/* out0201_had-eta1-phi10*/	1, (46,4,50), 3, 
/* out0202_had-eta2-phi10*/	1, (46,4,50), 4, 
/* out0203_had-eta3-phi10*/	2, (46,3,50), 4, (46,4,50), 1, 
/* out0204_had-eta4-phi10*/	3, (35,9,81), 3, (35,9,70), 3, (46,3,50), 4, 
/* out0205_had-eta5-phi10*/	7, (35,8,70), 1, (35,8,72), 4, (35,9,80), 1, (35,9,81), 10, (35,9,70), 11, (35,9,71), 11, (46,2,50), 5, 
/* out0206_had-eta6-phi10*/	7, (35,7,60), 1, (35,8,71), 2, (35,8,72), 11, (35,8,60), 10, (35,8,61), 3, (35,9,71), 1, (46,2,50), 3, 
/* out0207_had-eta7-phi10*/	6, (35,7,60), 2, (35,7,61), 1, (35,7,62), 14, (35,7,50), 2, (35,8,61), 4, (46,1,50), 3, 
/* out0208_had-eta8-phi10*/	7, (35,6,50), 4, (35,6,52), 4, (35,7,61), 3, (35,7,62), 2, (35,7,50), 3, (35,7,51), 3, (46,1,50), 3, 
/* out0209_had-eta9-phi10*/	5, (35,6,50), 1, (35,6,51), 3, (35,6,52), 11, (46,0,50), 1, (46,1,50), 2, 
/* out0210_had-eta10-phi10*/	5, (35,5,40), 6, (35,5,42), 3, (35,6,51), 3, (35,6,40), 1, (46,0,50), 6, 
/* out0211_had-eta11-phi10*/	4, (35,5,40), 1, (35,5,41), 4, (35,5,42), 5, (46,0,50), 1, 
/* out0212_had-eta12-phi10*/	2, (35,4,30), 4, (35,5,41), 5, 
/* out0213_had-eta13-phi10*/	3, (35,4,30), 5, (35,4,31), 1, (35,4,32), 2, 
/* out0214_had-eta14-phi10*/	1, (35,4,31), 6, 
/* out0215_had-eta15-phi10*/	2, (35,3,20), 4, (35,4,31), 2, 
/* out0216_had-eta16-phi10*/	1, (35,3,20), 4, 
/* out0217_had-eta17-phi10*/	1, (35,3,21), 4, 
/* out0218_had-eta18-phi10*/	1, (35,3,21), 3, 
/* out0219_had-eta19-phi10*/	0, 
/* out0220_had-eta0-phi11*/	0, 
/* out0221_had-eta1-phi11*/	1, (46,4,50), 3, 
/* out0222_had-eta2-phi11*/	1, (46,4,50), 4, 
/* out0223_had-eta3-phi11*/	2, (46,3,50), 4, (46,4,50), 1, 
/* out0224_had-eta4-phi11*/	3, (35,9,80), 1, (35,9,81), 1, (46,3,50), 4, 
/* out0225_had-eta5-phi11*/	5, (35,8,82), 7, (35,8,70), 10, (35,9,80), 14, (35,9,81), 2, (46,2,50), 5, 
/* out0226_had-eta6-phi11*/	6, (35,7,72), 4, (35,7,60), 1, (35,8,70), 5, (35,8,71), 14, (35,8,72), 1, (46,2,50), 3, 
/* out0227_had-eta7-phi11*/	4, (35,7,72), 3, (35,7,60), 12, (35,7,61), 6, (46,1,50), 3, 
/* out0228_had-eta8-phi11*/	4, (35,6,62), 6, (35,6,50), 6, (35,7,61), 6, (46,1,50), 3, 
/* out0229_had-eta9-phi11*/	6, (35,5,52), 1, (35,6,62), 1, (35,6,50), 5, (35,6,51), 8, (46,0,50), 1, (46,1,50), 2, 
/* out0230_had-eta10-phi11*/	4, (35,5,52), 6, (35,5,40), 5, (35,6,51), 2, (46,0,50), 6, 
/* out0231_had-eta11-phi11*/	4, (35,4,42), 1, (35,5,40), 4, (35,5,41), 5, (46,0,50), 1, 
/* out0232_had-eta12-phi11*/	3, (35,4,42), 5, (35,4,30), 1, (35,5,41), 2, 
/* out0233_had-eta13-phi11*/	3, (35,4,42), 2, (35,4,30), 5, (35,4,31), 1, 
/* out0234_had-eta14-phi11*/	2, (35,3,32), 2, (35,4,31), 4, 
/* out0235_had-eta15-phi11*/	2, (35,3,32), 4, (35,3,20), 1, 
/* out0236_had-eta16-phi11*/	2, (35,3,32), 2, (35,3,20), 3, 
/* out0237_had-eta17-phi11*/	2, (35,2,21), 2, (35,3,21), 2, 
/* out0238_had-eta18-phi11*/	1, (35,2,21), 5, 
/* out0239_had-eta19-phi11*/	1, (35,2,21), 1, 
/* out0240_had-eta0-phi12*/	0, 
/* out0241_had-eta1-phi12*/	1, (46,4,60), 3, 
/* out0242_had-eta2-phi12*/	1, (46,4,60), 4, 
/* out0243_had-eta3-phi12*/	2, (46,3,60), 4, (46,4,60), 1, 
/* out0244_had-eta4-phi12*/	3, (35,8,91), 1, (35,8,80), 1, (46,3,60), 4, 
/* out0245_had-eta5-phi12*/	5, (35,8,91), 2, (35,8,80), 14, (35,8,81), 10, (35,8,82), 8, (46,2,60), 5, 
/* out0246_had-eta6-phi12*/	7, (35,7,82), 1, (35,7,70), 14, (35,7,71), 1, (35,7,72), 5, (35,8,81), 5, (35,8,82), 1, (46,2,60), 3, 
/* out0247_had-eta7-phi12*/	5, (35,6,60), 6, (35,6,62), 1, (35,7,71), 12, (35,7,72), 4, (46,1,60), 3, 
/* out0248_had-eta8-phi12*/	4, (35,6,60), 6, (35,6,61), 6, (35,6,62), 7, (46,1,60), 3, 
/* out0249_had-eta9-phi12*/	6, (35,5,50), 8, (35,5,52), 2, (35,6,61), 5, (35,6,62), 1, (46,0,60), 1, (46,1,60), 2, 
/* out0250_had-eta10-phi12*/	4, (35,5,50), 2, (35,5,51), 5, (35,5,52), 6, (46,0,60), 6, 
/* out0251_had-eta11-phi12*/	5, (35,4,40), 5, (35,4,42), 1, (35,5,51), 4, (35,5,52), 1, (46,0,60), 1, 
/* out0252_had-eta12-phi12*/	3, (35,4,40), 2, (35,4,41), 1, (35,4,42), 5, 
/* out0253_had-eta13-phi12*/	3, (35,3,30), 1, (35,4,41), 5, (35,4,42), 2, 
/* out0254_had-eta14-phi12*/	2, (35,3,30), 4, (35,3,32), 2, 
/* out0255_had-eta15-phi12*/	2, (35,3,31), 1, (35,3,32), 4, 
/* out0256_had-eta16-phi12*/	2, (35,3,31), 3, (35,3,32), 2, 
/* out0257_had-eta17-phi12*/	2, (35,2,20), 2, (35,2,21), 2, 
/* out0258_had-eta18-phi12*/	1, (35,2,21), 5, 
/* out0259_had-eta19-phi12*/	1, (35,2,21), 1, 
/* out0260_had-eta0-phi13*/	0, 
/* out0261_had-eta1-phi13*/	1, (46,4,60), 3, 
/* out0262_had-eta2-phi13*/	1, (46,4,60), 4, 
/* out0263_had-eta3-phi13*/	2, (46,3,60), 4, (46,4,60), 1, 
/* out0264_had-eta4-phi13*/	3, (35,8,90), 3, (35,8,91), 3, (46,3,60), 4, 
/* out0265_had-eta5-phi13*/	7, (35,7,80), 11, (35,7,82), 4, (35,8,90), 11, (35,8,91), 10, (35,8,80), 1, (35,8,81), 1, (46,2,60), 5, 
/* out0266_had-eta6-phi13*/	7, (35,6,70), 3, (35,7,80), 1, (35,7,81), 10, (35,7,82), 11, (35,7,70), 2, (35,7,71), 1, (46,2,60), 3, 
/* out0267_had-eta7-phi13*/	6, (35,6,70), 4, (35,6,71), 2, (35,6,72), 14, (35,6,60), 1, (35,7,71), 2, (46,1,60), 3, 
/* out0268_had-eta8-phi13*/	7, (35,5,60), 3, (35,5,62), 4, (35,6,71), 3, (35,6,72), 2, (35,6,60), 3, (35,6,61), 4, (46,1,60), 3, 
/* out0269_had-eta9-phi13*/	5, (35,5,62), 11, (35,5,50), 3, (35,6,61), 1, (46,0,60), 1, (46,1,60), 2, 
/* out0270_had-eta10-phi13*/	5, (35,4,52), 3, (35,5,61), 1, (35,5,50), 3, (35,5,51), 6, (46,0,60), 6, 
/* out0271_had-eta11-phi13*/	4, (35,4,52), 5, (35,4,40), 4, (35,5,51), 1, (46,0,60), 1, 
/* out0272_had-eta12-phi13*/	2, (35,4,40), 5, (35,4,41), 4, 
/* out0273_had-eta13-phi13*/	3, (35,3,42), 2, (35,3,30), 1, (35,4,41), 5, 
/* out0274_had-eta14-phi13*/	1, (35,3,30), 6, 
/* out0275_had-eta15-phi13*/	2, (35,3,30), 2, (35,3,31), 4, 
/* out0276_had-eta16-phi13*/	1, (35,3,31), 4, 
/* out0277_had-eta17-phi13*/	1, (35,2,20), 4, 
/* out0278_had-eta18-phi13*/	1, (35,2,20), 3, 
/* out0279_had-eta19-phi13*/	0, 
/* out0280_had-eta0-phi14*/	0, 
/* out0281_had-eta1-phi14*/	1, (46,4,70), 3, 
/* out0282_had-eta2-phi14*/	1, (46,4,70), 4, 
/* out0283_had-eta3-phi14*/	2, (46,3,70), 4, (46,4,70), 1, 
/* out0284_had-eta4-phi14*/	4, (35,7,90), 4, (35,7,92), 1, (35,8,90), 1, (46,3,70), 4, 
/* out0285_had-eta5-phi14*/	7, (35,6,80), 1, (35,7,90), 9, (35,7,91), 9, (35,7,92), 15, (35,7,80), 3, (35,8,90), 1, (46,2,70), 5, 
/* out0286_had-eta6-phi14*/	7, (35,6,80), 4, (35,6,81), 1, (35,6,82), 14, (35,6,70), 2, (35,7,80), 1, (35,7,81), 6, (46,2,70), 3, 
/* out0287_had-eta7-phi14*/	7, (35,5,70), 1, (35,5,72), 4, (35,6,81), 1, (35,6,82), 2, (35,6,70), 7, (35,6,71), 8, (46,1,70), 3, 
/* out0288_had-eta8-phi14*/	4, (35,5,72), 5, (35,5,60), 11, (35,6,71), 3, (46,1,70), 3, 
/* out0289_had-eta9-phi14*/	5, (35,5,60), 2, (35,5,61), 13, (35,5,62), 1, (46,0,70), 1, (46,1,70), 2, 
/* out0290_had-eta10-phi14*/	4, (35,4,50), 10, (35,4,52), 2, (35,5,61), 1, (46,0,70), 6, 
/* out0291_had-eta11-phi14*/	4, (35,4,50), 1, (35,4,51), 5, (35,4,52), 5, (46,0,70), 1, 
/* out0292_had-eta12-phi14*/	5, (35,3,40), 4, (35,3,42), 2, (35,4,51), 2, (35,4,52), 1, (35,4,41), 1, 
/* out0293_had-eta13-phi14*/	1, (35,3,42), 7, 
/* out0294_had-eta14-phi14*/	2, (35,3,42), 4, (35,3,30), 1, 
/* out0295_had-eta15-phi14*/	3, (35,2,32), 2, (35,3,30), 1, (35,3,31), 3, 
/* out0296_had-eta16-phi14*/	2, (35,2,32), 3, (35,3,31), 1, 
/* out0297_had-eta17-phi14*/	2, (35,2,32), 1, (35,2,20), 3, 
/* out0298_had-eta18-phi14*/	1, (35,2,20), 3, 
/* out0299_had-eta19-phi14*/	0, 
/* out0300_had-eta0-phi15*/	0, 
/* out0301_had-eta1-phi15*/	1, (46,4,70), 3, 
/* out0302_had-eta2-phi15*/	1, (46,4,70), 4, 
/* out0303_had-eta3-phi15*/	2, (46,3,70), 4, (46,4,70), 1, 
/* out0304_had-eta4-phi15*/	1, (46,3,70), 4, 
/* out0305_had-eta5-phi15*/	7, (35,6,80), 2, (35,7,90), 3, (35,7,91), 7, (35,6,90), 7, (35,6,91), 1, (35,6,92), 14, (46,2,70), 5, 
/* out0306_had-eta6-phi15*/	7, (35,6,80), 9, (35,6,81), 10, (35,5,80), 1, (35,5,82), 4, (35,6,91), 1, (35,6,92), 2, (46,2,70), 3, 
/* out0307_had-eta7-phi15*/	6, (35,5,70), 14, (35,5,71), 1, (35,5,72), 2, (35,6,81), 4, (35,5,82), 2, (46,1,70), 3, 
/* out0308_had-eta8-phi15*/	4, (35,4,60), 2, (35,5,71), 10, (35,5,72), 5, (46,1,70), 3, 
/* out0309_had-eta9-phi15*/	5, (35,4,60), 4, (35,4,62), 10, (35,5,61), 1, (46,0,70), 1, (46,1,70), 2, 
/* out0310_had-eta10-phi15*/	5, (35,4,61), 1, (35,4,62), 6, (35,4,50), 5, (35,4,51), 1, (46,0,70), 6, 
/* out0311_had-eta11-phi15*/	3, (35,3,52), 4, (35,4,51), 7, (46,0,70), 1, 
/* out0312_had-eta12-phi15*/	3, (35,3,52), 1, (35,3,40), 7, (35,4,51), 1, 
/* out0313_had-eta13-phi15*/	3, (35,3,40), 3, (35,3,41), 4, (35,3,42), 1, 
/* out0314_had-eta14-phi15*/	2, (35,2,30), 1, (35,3,41), 6, 
/* out0315_had-eta15-phi15*/	2, (35,2,30), 4, (35,2,32), 1, 
/* out0316_had-eta16-phi15*/	1, (35,2,32), 4, 
/* out0317_had-eta17-phi15*/	1, (35,2,32), 4, 
/* out0318_had-eta18-phi15*/	2, (35,2,32), 1, (35,2,20), 1, 
/* out0319_had-eta19-phi15*/	0, 
/* out0320_had-eta0-phi16*/	0, 
/* out0321_had-eta1-phi16*/	1, (46,4,80), 3, 
/* out0322_had-eta2-phi16*/	1, (46,4,80), 4, 
/* out0323_had-eta3-phi16*/	2, (46,3,80), 4, (46,4,80), 1, 
/* out0324_had-eta4-phi16*/	2, (35,6,90), 1, (46,3,80), 4, 
/* out0325_had-eta5-phi16*/	5, (35,5,90), 2, (35,5,92), 7, (35,6,90), 8, (35,6,91), 11, (46,2,80), 5, 
/* out0326_had-eta6-phi16*/	6, (35,5,80), 14, (35,5,81), 4, (35,5,82), 4, (35,5,92), 3, (35,6,91), 3, (46,2,80), 3, 
/* out0327_had-eta7-phi16*/	7, (35,5,70), 1, (35,5,71), 2, (35,4,70), 5, (35,4,72), 2, (35,5,81), 8, (35,5,82), 6, (46,1,80), 3, 
/* out0328_had-eta8-phi16*/	4, (35,4,60), 3, (35,5,71), 3, (35,4,72), 12, (46,1,80), 3, 
/* out0329_had-eta9-phi16*/	5, (35,4,60), 7, (35,4,61), 8, (35,4,72), 1, (46,0,80), 1, (46,1,80), 2, 
/* out0330_had-eta10-phi16*/	3, (35,3,50), 6, (35,4,61), 7, (46,0,80), 6, 
/* out0331_had-eta11-phi16*/	4, (35,3,50), 4, (35,3,51), 1, (35,3,52), 6, (46,0,80), 1, 
/* out0332_had-eta12-phi16*/	3, (35,3,51), 2, (35,3,52), 5, (35,3,40), 2, 
/* out0333_had-eta13-phi16*/	2, (35,2,42), 3, (35,3,41), 4, 
/* out0334_had-eta14-phi16*/	3, (35,2,42), 2, (35,2,30), 2, (35,3,41), 2, 
/* out0335_had-eta15-phi16*/	1, (35,2,30), 5, 
/* out0336_had-eta16-phi16*/	2, (35,2,30), 1, (35,2,31), 3, 
/* out0337_had-eta17-phi16*/	1, (35,2,31), 4, 
/* out0338_had-eta18-phi16*/	1, (35,2,31), 1, 
/* out0339_had-eta19-phi16*/	0, 
/* out0340_had-eta0-phi17*/	0, 
/* out0341_had-eta1-phi17*/	1, (46,4,80), 3, 
/* out0342_had-eta2-phi17*/	1, (46,4,80), 4, 
/* out0343_had-eta3-phi17*/	2, (46,3,80), 4, (46,4,80), 1, 
/* out0344_had-eta4-phi17*/	1, (46,3,80), 4, 
/* out0345_had-eta5-phi17*/	4, (35,5,90), 14, (35,5,91), 9, (35,5,92), 3, (46,2,80), 5, 
/* out0346_had-eta6-phi17*/	7, (35,5,80), 1, (35,5,81), 2, (35,5,91), 7, (35,5,92), 3, (35,4,80), 8, (35,4,82), 5, (46,2,80), 3, 
/* out0347_had-eta7-phi17*/	5, (35,4,70), 9, (35,4,71), 1, (35,5,81), 2, (35,4,82), 10, (46,1,80), 3, 
/* out0348_had-eta8-phi17*/	5, (35,4,70), 2, (35,4,71), 14, (35,4,72), 1, (35,3,60), 1, (46,1,80), 3, 
/* out0349_had-eta9-phi17*/	5, (35,4,71), 1, (35,3,60), 7, (35,3,62), 7, (46,0,80), 1, (46,1,80), 2, 
/* out0350_had-eta10-phi17*/	3, (35,3,50), 3, (35,3,62), 9, (46,0,80), 6, 
/* out0351_had-eta11-phi17*/	3, (35,3,50), 3, (35,3,51), 8, (46,0,80), 1, 
/* out0352_had-eta12-phi17*/	2, (35,2,40), 4, (35,3,51), 5, 
/* out0353_had-eta13-phi17*/	2, (35,2,40), 4, (35,2,42), 4, 
/* out0354_had-eta14-phi17*/	1, (35,2,42), 6, 
/* out0355_had-eta15-phi17*/	3, (35,2,42), 1, (35,2,30), 3, (35,2,31), 1, 
/* out0356_had-eta16-phi17*/	1, (35,2,31), 4, 
/* out0357_had-eta17-phi17*/	1, (35,2,31), 3, 
/* out0358_had-eta18-phi17*/	0, 
/* out0359_had-eta19-phi17*/	0, 
/* out0360_had-eta0-phi18*/	0, 
/* out0361_had-eta1-phi18*/	1, (46,4,90), 3, 
/* out0362_had-eta2-phi18*/	1, (46,4,90), 4, 
/* out0363_had-eta3-phi18*/	2, (46,3,90), 4, (46,4,90), 1, 
/* out0364_had-eta4-phi18*/	1, (46,3,90), 4, 
/* out0365_had-eta5-phi18*/	4, (35,4,90), 14, (35,4,91), 3, (35,4,92), 9, (46,2,90), 5, 
/* out0366_had-eta6-phi18*/	7, (35,3,80), 1, (35,3,82), 2, (35,4,80), 8, (35,4,81), 5, (35,4,91), 3, (35,4,92), 7, (46,2,90), 3, 
/* out0367_had-eta7-phi18*/	6, (35,3,70), 9, (35,3,72), 1, (35,3,82), 2, (35,4,81), 11, (35,4,82), 1, (46,1,90), 3, 
/* out0368_had-eta8-phi18*/	5, (35,3,60), 1, (35,3,70), 2, (35,3,71), 1, (35,3,72), 14, (46,1,90), 3, 
/* out0369_had-eta9-phi18*/	5, (35,3,60), 7, (35,3,61), 7, (35,3,72), 1, (46,0,90), 1, (46,1,90), 2, 
/* out0370_had-eta10-phi18*/	3, (35,2,50), 3, (35,3,61), 9, (46,0,90), 6, 
/* out0371_had-eta11-phi18*/	3, (35,2,50), 3, (35,2,52), 8, (46,0,90), 1, 
/* out0372_had-eta12-phi18*/	2, (35,2,40), 4, (35,2,52), 5, 
/* out0373_had-eta13-phi18*/	2, (35,2,40), 4, (35,2,41), 4, 
/* out0374_had-eta14-phi18*/	1, (35,2,41), 6, 
/* out0375_had-eta15-phi18*/	3, (35,1,30), 3, (35,1,32), 1, (35,2,41), 1, 
/* out0376_had-eta16-phi18*/	1, (35,1,32), 4, 
/* out0377_had-eta17-phi18*/	1, (35,1,32), 3, 
/* out0378_had-eta18-phi18*/	0, 
/* out0379_had-eta19-phi18*/	0, 
/* out0380_had-eta0-phi19*/	0, 
/* out0381_had-eta1-phi19*/	1, (46,4,90), 3, 
/* out0382_had-eta2-phi19*/	1, (46,4,90), 4, 
/* out0383_had-eta3-phi19*/	2, (46,3,90), 4, (46,4,90), 1, 
/* out0384_had-eta4-phi19*/	2, (35,3,90), 1, (46,3,90), 4, 
/* out0385_had-eta5-phi19*/	5, (35,3,90), 8, (35,3,92), 11, (35,4,90), 2, (35,4,91), 7, (46,2,90), 5, 
/* out0386_had-eta6-phi19*/	6, (35,3,80), 14, (35,3,81), 4, (35,3,82), 4, (35,3,92), 3, (35,4,91), 3, (46,2,90), 3, 
/* out0387_had-eta7-phi19*/	7, (35,2,70), 1, (35,2,72), 2, (35,3,70), 5, (35,3,71), 2, (35,3,81), 6, (35,3,82), 8, (46,1,90), 3, 
/* out0388_had-eta8-phi19*/	4, (35,2,60), 3, (35,2,72), 3, (35,3,71), 12, (46,1,90), 3, 
/* out0389_had-eta9-phi19*/	5, (35,2,60), 7, (35,2,62), 8, (35,3,71), 1, (46,0,90), 1, (46,1,90), 2, 
/* out0390_had-eta10-phi19*/	3, (35,2,50), 6, (35,2,62), 7, (46,0,90), 6, 
/* out0391_had-eta11-phi19*/	4, (35,2,50), 4, (35,2,51), 6, (35,2,52), 1, (46,0,90), 1, 
/* out0392_had-eta12-phi19*/	3, (35,1,40), 2, (35,2,51), 5, (35,2,52), 2, 
/* out0393_had-eta13-phi19*/	2, (35,1,42), 4, (35,2,41), 3, 
/* out0394_had-eta14-phi19*/	3, (35,1,30), 2, (35,1,42), 2, (35,2,41), 2, 
/* out0395_had-eta15-phi19*/	1, (35,1,30), 5, 
/* out0396_had-eta16-phi19*/	2, (35,1,30), 1, (35,1,32), 3, 
/* out0397_had-eta17-phi19*/	1, (35,1,32), 4, 
/* out0398_had-eta18-phi19*/	1, (35,1,32), 1, 
/* out0399_had-eta19-phi19*/	0, 
/* out0400_had-eta0-phi20*/	0, 
/* out0401_had-eta1-phi20*/	1, (46,4,100), 3, 
/* out0402_had-eta2-phi20*/	1, (46,4,100), 4, 
/* out0403_had-eta3-phi20*/	2, (46,3,100), 4, (46,4,100), 1, 
/* out0404_had-eta4-phi20*/	1, (46,3,100), 4, 
/* out0405_had-eta5-phi20*/	7, (35,2,80), 2, (35,2,90), 3, (35,2,92), 7, (35,3,90), 7, (35,3,91), 14, (35,3,92), 1, (46,2,100), 5, 
/* out0406_had-eta6-phi20*/	7, (35,2,80), 9, (35,2,82), 10, (35,3,80), 1, (35,3,81), 4, (35,3,91), 2, (35,3,92), 1, (46,2,100), 3, 
/* out0407_had-eta7-phi20*/	6, (35,2,70), 14, (35,2,71), 2, (35,2,72), 1, (35,2,82), 4, (35,3,81), 2, (46,1,100), 3, 
/* out0408_had-eta8-phi20*/	4, (35,2,60), 2, (35,2,71), 5, (35,2,72), 10, (46,1,100), 3, 
/* out0409_had-eta9-phi20*/	5, (35,1,62), 1, (35,2,60), 4, (35,2,61), 10, (46,0,100), 1, (46,1,100), 2, 
/* out0410_had-eta10-phi20*/	5, (35,1,50), 5, (35,1,52), 1, (35,2,61), 6, (35,2,62), 1, (46,0,100), 6, 
/* out0411_had-eta11-phi20*/	3, (35,1,52), 7, (35,2,51), 4, (46,0,100), 1, 
/* out0412_had-eta12-phi20*/	3, (35,1,40), 7, (35,1,52), 1, (35,2,51), 1, 
/* out0413_had-eta13-phi20*/	3, (35,1,40), 3, (35,1,41), 1, (35,1,42), 4, 
/* out0414_had-eta14-phi20*/	2, (35,1,30), 1, (35,1,42), 6, 
/* out0415_had-eta15-phi20*/	2, (35,1,30), 4, (35,1,31), 1, 
/* out0416_had-eta16-phi20*/	1, (35,1,31), 4, 
/* out0417_had-eta17-phi20*/	1, (35,1,31), 4, 
/* out0418_had-eta18-phi20*/	2, (35,0,20), 1, (35,1,31), 1, 
/* out0419_had-eta19-phi20*/	0, 
/* out0420_had-eta0-phi21*/	0, 
/* out0421_had-eta1-phi21*/	1, (46,4,100), 3, 
/* out0422_had-eta2-phi21*/	1, (46,4,100), 4, 
/* out0423_had-eta3-phi21*/	2, (46,3,100), 4, (46,4,100), 1, 
/* out0424_had-eta4-phi21*/	4, (35,1,91), 1, (35,2,90), 4, (35,2,91), 1, (46,3,100), 4, 
/* out0425_had-eta5-phi21*/	7, (35,1,80), 3, (35,1,91), 1, (35,2,80), 1, (35,2,90), 9, (35,2,91), 15, (35,2,92), 9, (46,2,100), 5, 
/* out0426_had-eta6-phi21*/	7, (35,1,70), 2, (35,1,80), 1, (35,1,82), 6, (35,2,80), 4, (35,2,81), 14, (35,2,82), 1, (46,2,100), 3, 
/* out0427_had-eta7-phi21*/	7, (35,1,70), 7, (35,1,72), 8, (35,2,70), 1, (35,2,71), 4, (35,2,81), 2, (35,2,82), 1, (46,1,100), 3, 
/* out0428_had-eta8-phi21*/	4, (35,1,60), 11, (35,1,72), 3, (35,2,71), 5, (46,1,100), 3, 
/* out0429_had-eta9-phi21*/	5, (35,1,60), 2, (35,1,61), 1, (35,1,62), 13, (46,0,100), 1, (46,1,100), 2, 
/* out0430_had-eta10-phi21*/	4, (35,1,50), 10, (35,1,51), 2, (35,1,62), 1, (46,0,100), 6, 
/* out0431_had-eta11-phi21*/	4, (35,1,50), 1, (35,1,51), 5, (35,1,52), 5, (46,0,100), 1, 
/* out0432_had-eta12-phi21*/	5, (35,0,42), 1, (35,1,40), 4, (35,1,41), 2, (35,1,51), 1, (35,1,52), 2, 
/* out0433_had-eta13-phi21*/	1, (35,1,41), 7, 
/* out0434_had-eta14-phi21*/	2, (35,0,30), 1, (35,1,41), 4, 
/* out0435_had-eta15-phi21*/	3, (35,0,30), 1, (35,0,32), 3, (35,1,31), 2, 
/* out0436_had-eta16-phi21*/	2, (35,0,32), 1, (35,1,31), 3, 
/* out0437_had-eta17-phi21*/	2, (35,0,20), 3, (35,1,31), 1, 
/* out0438_had-eta18-phi21*/	1, (35,0,20), 3, 
/* out0439_had-eta19-phi21*/	0, 
/* out0440_had-eta0-phi22*/	0, 
/* out0441_had-eta1-phi22*/	1, (46,4,110), 3, 
/* out0442_had-eta2-phi22*/	1, (46,4,110), 4, 
/* out0443_had-eta3-phi22*/	2, (46,3,110), 4, (46,4,110), 1, 
/* out0444_had-eta4-phi22*/	3, (35,1,90), 3, (35,1,91), 3, (46,3,110), 4, 
/* out0445_had-eta5-phi22*/	7, (35,0,80), 1, (35,0,82), 1, (35,1,80), 11, (35,1,81), 4, (35,1,90), 10, (35,1,91), 11, (46,2,110), 5, 
/* out0446_had-eta6-phi22*/	7, (35,0,70), 2, (35,0,72), 1, (35,1,70), 3, (35,1,80), 1, (35,1,81), 11, (35,1,82), 10, (46,2,110), 3, 
/* out0447_had-eta7-phi22*/	6, (35,0,60), 1, (35,0,72), 2, (35,1,70), 4, (35,1,71), 14, (35,1,72), 2, (46,1,110), 3, 
/* out0448_had-eta8-phi22*/	7, (35,0,60), 3, (35,0,62), 4, (35,1,60), 3, (35,1,61), 4, (35,1,71), 2, (35,1,72), 3, (46,1,110), 3, 
/* out0449_had-eta9-phi22*/	5, (35,0,50), 3, (35,0,62), 1, (35,1,61), 11, (46,0,110), 1, (46,1,110), 2, 
/* out0450_had-eta10-phi22*/	5, (35,0,50), 3, (35,0,52), 6, (35,1,51), 3, (35,1,62), 1, (46,0,110), 6, 
/* out0451_had-eta11-phi22*/	4, (35,0,40), 4, (35,0,52), 1, (35,1,51), 5, (46,0,110), 1, 
/* out0452_had-eta12-phi22*/	2, (35,0,40), 5, (35,0,42), 4, 
/* out0453_had-eta13-phi22*/	3, (35,0,30), 1, (35,0,42), 5, (35,1,41), 2, 
/* out0454_had-eta14-phi22*/	1, (35,0,30), 6, 
/* out0455_had-eta15-phi22*/	2, (35,0,30), 2, (35,0,32), 4, 
/* out0456_had-eta16-phi22*/	1, (35,0,32), 4, 
/* out0457_had-eta17-phi22*/	1, (35,0,20), 4, 
/* out0458_had-eta18-phi22*/	2, (35,0,20), 3, (35,0,21), 1, 
/* out0459_had-eta19-phi22*/	1, (35,0,21), 6, 
/* out0460_had-eta0-phi23*/	0, 
/* out0461_had-eta1-phi23*/	1, (46,4,110), 3, 
/* out0462_had-eta2-phi23*/	1, (46,4,110), 4, 
/* out0463_had-eta3-phi23*/	2, (46,3,110), 4, (46,4,110), 1, 
/* out0464_had-eta4-phi23*/	4, (35,0,80), 1, (35,0,81), 7, (35,1,90), 1, (46,3,110), 4, 
/* out0465_had-eta5-phi23*/	5, (35,0,80), 14, (35,0,81), 8, (35,0,82), 10, (35,1,90), 2, (46,2,110), 5, 
/* out0466_had-eta6-phi23*/	7, (35,0,70), 14, (35,0,71), 5, (35,0,72), 1, (35,0,81), 1, (35,0,82), 5, (35,1,81), 1, (46,2,110), 3, 
/* out0467_had-eta7-phi23*/	5, (35,0,60), 6, (35,0,61), 8, (35,0,71), 11, (35,0,72), 12, (46,1,110), 3, 
/* out0468_had-eta8-phi23*/	4, (35,0,60), 6, (35,0,61), 7, (35,0,62), 6, (46,1,110), 3, 
/* out0469_had-eta9-phi23*/	6, (35,0,50), 8, (35,0,51), 2, (35,0,61), 1, (35,0,62), 5, (46,0,110), 1, (46,1,110), 2, 
/* out0470_had-eta10-phi23*/	4, (35,0,50), 2, (35,0,51), 13, (35,0,52), 5, (46,0,110), 6, 
/* out0471_had-eta11-phi23*/	5, (35,0,40), 5, (35,0,41), 8, (35,0,51), 1, (35,0,52), 4, (46,0,110), 1, 
/* out0472_had-eta12-phi23*/	3, (35,0,40), 2, (35,0,41), 6, (35,0,42), 1, 
/* out0473_had-eta13-phi23*/	4, (35,0,30), 1, (35,0,31), 5, (35,0,41), 2, (35,0,42), 5, 
/* out0474_had-eta14-phi23*/	2, (35,0,30), 4, (35,0,31), 3, 
/* out0475_had-eta15-phi23*/	2, (35,0,31), 5, (35,0,32), 1, 
/* out0476_had-eta16-phi23*/	2, (35,0,31), 2, (35,0,32), 3, 
/* out0477_had-eta17-phi23*/	3, (35,0,20), 2, (35,0,21), 2, (35,0,31), 1, 
/* out0478_had-eta18-phi23*/	1, (35,0,21), 6, 
/* out0479_had-eta19-phi23*/	1, (35,0,21), 1, 
