
format module = (Layer,u,v),fraction of 1/16
Number of Ptts = 560
Number CEH modules =250Number CEH scintilators =48
Board 0x64020000Board number = 2
/* out0000_had-eta0-phi0*/	0, 
/* out0001_had-eta1-phi0*/	0, 
/* out0002_had-eta2-phi0*/	0, 
/* out0003_had-eta3-phi0*/	0, 
/* out0004_had-eta4-phi0*/	0, 
/* out0005_had-eta5-phi0*/	0, 
/* out0006_had-eta6-phi0*/	0, 
/* out0007_had-eta7-phi0*/	0, 
/* out0008_had-eta8-phi0*/	0, 
/* out0009_had-eta9-phi0*/	0, 
/* out0010_had-eta10-phi0*/	0, 
/* out0011_had-eta11-phi0*/	0, 
/* out0012_had-eta12-phi0*/	0, 
/* out0013_had-eta13-phi0*/	0, 
/* out0014_had-eta14-phi0*/	0, 
/* out0015_had-eta15-phi0*/	0, 
/* out0016_had-eta16-phi0*/	0, 
/* out0017_had-eta17-phi0*/	0, 
/* out0018_had-eta18-phi0*/	0, 
/* out0019_had-eta19-phi0*/	1, (33,2,06), 1, 
/* out0020_had-eta0-phi1*/	0, 
/* out0021_had-eta1-phi1*/	0, 
/* out0022_had-eta2-phi1*/	0, 
/* out0023_had-eta3-phi1*/	0, 
/* out0024_had-eta4-phi1*/	0, 
/* out0025_had-eta5-phi1*/	0, 
/* out0026_had-eta6-phi1*/	0, 
/* out0027_had-eta7-phi1*/	0, 
/* out0028_had-eta8-phi1*/	0, 
/* out0029_had-eta9-phi1*/	0, 
/* out0030_had-eta10-phi1*/	1, (33,5,02), 1, 
/* out0031_had-eta11-phi1*/	1, (33,5,01), 1, 
/* out0032_had-eta12-phi1*/	1, (33,4,011), 1, 
/* out0033_had-eta13-phi1*/	2, (33,4,05), 7, (33,4,011), 6, 
/* out0034_had-eta14-phi1*/	2, (33,4,04), 2, (33,4,05), 2, 
/* out0035_had-eta15-phi1*/	2, (33,3,08), 3, (33,3,011), 2, 
/* out0036_had-eta16-phi1*/	2, (33,3,05), 5, (33,3,011), 10, 
/* out0037_had-eta17-phi1*/	2, (33,3,04), 2, (33,3,05), 8, 
/* out0038_had-eta18-phi1*/	2, (33,2,03), 1, (33,3,04), 4, 
/* out0039_had-eta19-phi1*/	2, (33,2,03), 7, (33,2,06), 2, 
/* out0040_had-eta0-phi2*/	0, 
/* out0041_had-eta1-phi2*/	0, 
/* out0042_had-eta2-phi2*/	0, 
/* out0043_had-eta3-phi2*/	0, 
/* out0044_had-eta4-phi2*/	2, (33,9,01), 8, (33,9,02), 12, 
/* out0045_had-eta5-phi2*/	3, (33,8,01), 2, (33,8,02), 12, (33,9,01), 4, 
/* out0046_had-eta6-phi2*/	2, (33,7,02), 5, (33,8,01), 10, 
/* out0047_had-eta7-phi2*/	2, (33,7,01), 10, (33,7,02), 7, 
/* out0048_had-eta8-phi2*/	3, (33,6,02), 11, (33,7,01), 2, (40,7,12), 1, 
/* out0049_had-eta9-phi2*/	4, (33,6,01), 12, (33,6,02), 1, (40,7,11), 3, (40,7,12), 3, 
/* out0050_had-eta10-phi2*/	3, (33,5,02), 10, (40,6,12), 2, (40,7,11), 1, 
/* out0051_had-eta11-phi2*/	4, (33,5,01), 9, (33,5,02), 1, (40,6,11), 3, (40,6,12), 2, 
/* out0052_had-eta12-phi2*/	7, (33,4,08), 16, (33,4,09), 4, (33,4,010), 2, (33,4,011), 3, (33,5,01), 2, (40,5,12), 1, (40,6,11), 1, 
/* out0053_had-eta13-phi2*/	6, (33,4,05), 4, (33,4,06), 8, (33,4,010), 10, (33,4,011), 6, (40,5,11), 2, (40,5,12), 3, 
/* out0054_had-eta14-phi2*/	5, (33,4,04), 13, (33,4,05), 3, (33,4,06), 3, (33,4,07), 4, (40,5,11), 2, 
/* out0055_had-eta15-phi2*/	6, (33,3,08), 13, (33,3,09), 4, (33,3,010), 1, (33,3,011), 1, (33,4,04), 1, (40,4,12), 2, 
/* out0056_had-eta16-phi2*/	5, (33,3,06), 4, (33,3,010), 10, (33,3,011), 3, (40,4,11), 2, (40,4,12), 2, 
/* out0057_had-eta17-phi2*/	5, (33,3,04), 2, (33,3,05), 3, (33,3,06), 8, (33,3,07), 2, (40,4,11), 2, 
/* out0058_had-eta18-phi2*/	3, (33,2,03), 2, (33,3,04), 8, (33,3,07), 2, 
/* out0059_had-eta19-phi2*/	4, (33,2,03), 6, (33,2,04), 3, (33,2,05), 15, (33,2,06), 13, 
/* out0060_had-eta0-phi3*/	1, (43,3,00), 1, 
/* out0061_had-eta1-phi3*/	1, (43,3,00), 5, 
/* out0062_had-eta2-phi3*/	3, (33,11,12), 14, (43,2,00), 2, (43,3,00), 2, 
/* out0063_had-eta3-phi3*/	3, (33,10,12), 10, (33,11,11), 12, (43,2,00), 4, 
/* out0064_had-eta4-phi3*/	8, (33,9,00), 15, (33,9,01), 1, (33,9,02), 4, (33,9,12), 5, (33,10,11), 10, (33,10,12), 1, (43,1,00), 3, (43,2,00), 2, 
/* out0065_had-eta5-phi3*/	8, (33,8,00), 10, (33,8,02), 4, (33,9,00), 1, (33,9,01), 3, (33,8,12), 1, (33,9,11), 8, (33,9,12), 4, (43,1,00), 4, 
/* out0066_had-eta6-phi3*/	8, (33,7,00), 3, (33,7,02), 3, (33,8,00), 6, (33,8,01), 4, (33,8,11), 4, (33,8,12), 6, (43,0,00), 2, (43,1,00), 1, 
/* out0067_had-eta7-phi3*/	6, (33,7,00), 13, (33,7,01), 3, (33,7,02), 1, (33,7,12), 3, (33,8,11), 1, (43,0,00), 3, 
/* out0068_had-eta8-phi3*/	9, (33,6,00), 7, (33,6,02), 4, (33,7,01), 1, (33,7,11), 3, (33,7,12), 1, (40,7,10), 1, (40,7,12), 6, (41,7,01), 3, (43,0,00), 2, 
/* out0069_had-eta9-phi3*/	9, (33,6,00), 9, (33,6,01), 4, (33,6,12), 2, (40,7,10), 6, (40,7,11), 7, (40,7,12), 6, (41,6,02), 4, (41,7,01), 9, (43,0,00), 1, 
/* out0070_had-eta10-phi3*/	8, (33,5,00), 7, (33,5,02), 4, (33,6,11), 1, (40,6,10), 1, (40,6,12), 9, (40,7,11), 5, (41,6,01), 6, (41,6,02), 7, 
/* out0071_had-eta11-phi3*/	8, (33,5,111), 1, (33,5,00), 7, (33,5,01), 3, (40,6,10), 3, (40,6,11), 7, (40,6,12), 3, (41,5,02), 3, (41,6,01), 4, 
/* out0072_had-eta12-phi3*/	10, (33,4,03), 10, (33,4,09), 12, (33,4,010), 1, (33,5,15), 2, (33,5,111), 2, (33,5,01), 1, (40,5,12), 7, (40,6,11), 4, (41,5,01), 4, (41,5,02), 5, 
/* out0073_had-eta13-phi3*/	11, (33,4,00), 1, (33,4,01), 3, (33,4,02), 15, (33,4,03), 5, (33,4,06), 2, (33,4,010), 3, (40,5,10), 1, (40,5,11), 3, (40,5,12), 4, (41,4,02), 1, (41,5,01), 3, 
/* out0074_had-eta14-phi3*/	7, (33,4,01), 8, (33,4,02), 1, (33,4,06), 3, (33,4,07), 11, (40,4,12), 1, (40,5,11), 7, (41,4,02), 5, 
/* out0075_had-eta15-phi3*/	7, (33,3,03), 5, (33,3,09), 12, (33,3,010), 1, (33,4,07), 1, (40,4,12), 6, (41,4,01), 4, (41,4,02), 1, 
/* out0076_had-eta16-phi3*/	6, (33,3,02), 11, (33,3,03), 2, (33,3,010), 4, (40,4,11), 3, (40,4,12), 2, (41,4,01), 1, 
/* out0077_had-eta17-phi3*/	6, (33,3,01), 3, (33,3,02), 5, (33,3,06), 4, (33,3,07), 2, (40,4,11), 4, (41,3,01), 2, 
/* out0078_had-eta18-phi3*/	3, (33,2,04), 2, (33,3,07), 9, (41,3,01), 1, 
/* out0079_had-eta19-phi3*/	4, (33,2,01), 16, (33,2,02), 1, (33,2,04), 9, (33,2,05), 1, 
/* out0080_had-eta0-phi4*/	1, (43,3,00), 1, 
/* out0081_had-eta1-phi4*/	1, (43,3,00), 5, 
/* out0082_had-eta2-phi4*/	7, (33,11,10), 10, (33,11,12), 2, (33,11,22), 3, (33,12,20), 3, (33,12,21), 15, (43,2,00), 2, (43,3,00), 2, 
/* out0083_had-eta3-phi4*/	8, (33,10,10), 8, (33,10,12), 5, (33,11,10), 6, (33,11,11), 4, (33,10,22), 1, (33,11,21), 12, (33,11,22), 11, (43,2,00), 4, 
/* out0084_had-eta4-phi4*/	8, (33,9,10), 5, (33,9,12), 5, (33,10,10), 8, (33,10,11), 6, (33,10,21), 6, (33,10,22), 8, (43,1,00), 3, (43,2,00), 2, 
/* out0085_had-eta5-phi4*/	8, (33,8,10), 1, (33,8,12), 3, (33,9,10), 11, (33,9,11), 8, (33,9,12), 2, (33,9,21), 2, (33,9,22), 4, (43,1,00), 4, 
/* out0086_had-eta6-phi4*/	6, (33,8,10), 13, (33,8,11), 6, (33,8,12), 6, (33,9,21), 1, (43,0,00), 2, (43,1,00), 1, 
/* out0087_had-eta7-phi4*/	5, (33,7,10), 4, (33,7,12), 11, (33,8,10), 1, (33,8,11), 5, (43,0,00), 3, 
/* out0088_had-eta8-phi4*/	9, (33,6,12), 1, (33,7,10), 3, (33,7,11), 13, (33,7,12), 1, (40,8,21), 9, (40,7,10), 1, (41,7,12), 1, (41,7,00), 8, (43,0,00), 2, 
/* out0089_had-eta9-phi4*/	13, (33,6,10), 1, (33,6,11), 1, (33,6,12), 13, (40,7,22), 7, (40,8,21), 4, (40,7,10), 7, (41,7,11), 3, (41,7,12), 4, (41,6,00), 2, (41,6,02), 3, (41,7,00), 8, (41,7,01), 4, (43,0,00), 1, 
/* out0090_had-eta10-phi4*/	10, (33,5,18), 1, (33,5,00), 1, (33,6,11), 11, (40,7,21), 7, (40,7,22), 3, (40,6,10), 4, (40,7,10), 1, (41,6,00), 12, (41,6,01), 2, (41,6,02), 2, 
/* out0091_had-eta11-phi4*/	13, (33,5,18), 15, (33,5,19), 3, (33,5,110), 7, (33,5,111), 10, (33,5,00), 1, (40,6,22), 4, (40,7,21), 1, (40,6,10), 8, (41,6,12), 1, (41,5,00), 2, (41,5,02), 5, (41,6,00), 1, (41,6,01), 4, 
/* out0092_had-eta12-phi4*/	15, (33,4,00), 1, (33,4,03), 1, (33,5,14), 5, (33,5,15), 14, (33,5,16), 7, (33,5,110), 2, (33,5,111), 3, (40,6,21), 3, (40,6,22), 2, (40,5,10), 3, (40,5,12), 1, (40,6,11), 1, (41,5,00), 6, (41,5,01), 3, (41,5,02), 3, 
/* out0093_had-eta13-phi4*/	8, (33,4,00), 13, (33,4,01), 1, (33,4,18), 7, (33,5,14), 7, (40,5,10), 9, (41,4,02), 3, (41,5,00), 1, (41,5,01), 6, 
/* out0094_had-eta14-phi4*/	11, (33,4,00), 1, (33,4,01), 4, (33,4,15), 1, (33,4,18), 3, (33,4,111), 15, (40,5,22), 1, (40,4,12), 1, (40,5,10), 3, (40,5,11), 2, (41,4,00), 1, (41,4,02), 6, 
/* out0095_had-eta15-phi4*/	8, (33,3,00), 1, (33,3,03), 6, (33,4,14), 2, (33,4,15), 12, (40,4,10), 4, (40,4,12), 2, (41,4,00), 1, (41,4,01), 6, 
/* out0096_had-eta16-phi4*/	8, (33,3,00), 11, (33,3,01), 1, (33,3,03), 3, (33,4,14), 1, (40,4,10), 5, (40,4,11), 1, (41,3,01), 3, (41,4,01), 3, 
/* out0097_had-eta17-phi4*/	7, (33,3,00), 3, (33,3,01), 8, (33,3,18), 1, (33,3,111), 1, (40,4,10), 1, (40,4,11), 4, (41,3,01), 5, 
/* out0098_had-eta18-phi4*/	7, (33,2,02), 5, (33,2,04), 1, (33,3,01), 4, (33,3,07), 1, (33,3,15), 2, (33,3,111), 4, (41,3,01), 1, 
/* out0099_had-eta19-phi4*/	3, (33,2,02), 9, (33,2,04), 1, (33,3,15), 1, 
/* out0100_had-eta0-phi5*/	1, (43,3,10), 1, 
/* out0101_had-eta1-phi5*/	1, (43,3,10), 5, 
/* out0102_had-eta2-phi5*/	9, (33,11,20), 1, (33,11,22), 1, (33,12,20), 13, (33,12,21), 1, (33,12,30), 5, (33,12,31), 9, (33,12,32), 16, (43,2,10), 2, (43,3,10), 2, 
/* out0103_had-eta3-phi5*/	9, (33,10,20), 1, (33,10,22), 2, (33,11,20), 15, (33,11,21), 4, (33,11,22), 1, (33,11,31), 6, (33,11,32), 12, (33,12,31), 6, (43,2,10), 4, 
/* out0104_had-eta4-phi5*/	8, (33,10,20), 15, (33,10,21), 9, (33,10,22), 5, (33,10,31), 1, (33,10,32), 5, (33,11,31), 3, (43,1,10), 3, (43,2,10), 2, 
/* out0105_had-eta5-phi5*/	6, (33,9,20), 12, (33,9,21), 5, (33,9,22), 12, (33,10,21), 1, (33,10,31), 1, (43,1,10), 4, 
/* out0106_had-eta6-phi5*/	7, (33,8,10), 1, (33,8,20), 2, (33,8,22), 14, (33,9,20), 1, (33,9,21), 8, (43,0,10), 2, (43,1,10), 1, 
/* out0107_had-eta7-phi5*/	6, (33,7,10), 4, (33,7,22), 2, (33,8,20), 1, (33,8,21), 13, (33,8,22), 2, (43,0,10), 3, 
/* out0108_had-eta8-phi5*/	9, (33,7,10), 5, (33,7,21), 3, (33,7,22), 9, (40,8,32), 6, (40,8,20), 15, (40,8,21), 1, (41,7,10), 2, (41,7,12), 6, (43,0,10), 2, 
/* out0109_had-eta9-phi5*/	13, (33,6,10), 10, (33,6,22), 1, (33,7,21), 4, (40,8,31), 3, (40,8,32), 2, (40,7,20), 7, (40,7,22), 5, (40,8,20), 1, (40,8,21), 2, (41,7,10), 6, (41,7,11), 8, (41,7,12), 5, (43,0,10), 1, 
/* out0110_had-eta10-phi5*/	12, (33,5,13), 1, (33,5,19), 4, (33,6,10), 5, (33,6,11), 3, (33,6,21), 1, (33,6,22), 2, (40,7,20), 7, (40,7,21), 7, (40,7,22), 1, (41,6,12), 11, (41,7,11), 4, (41,6,00), 1, 
/* out0111_had-eta11-phi5*/	11, (33,5,10), 1, (33,5,12), 9, (33,5,13), 15, (33,5,19), 9, (33,5,110), 6, (40,6,20), 3, (40,6,22), 9, (40,7,21), 1, (41,6,11), 9, (41,6,12), 3, (41,5,00), 1, 
/* out0112_had-eta12-phi5*/	12, (33,5,11), 7, (33,5,12), 7, (33,5,14), 1, (33,5,16), 9, (33,5,17), 10, (33,5,110), 1, (40,6,20), 1, (40,6,21), 8, (40,6,22), 1, (41,5,12), 4, (41,6,11), 2, (41,5,00), 5, 
/* out0113_had-eta13-phi5*/	11, (33,4,18), 6, (33,4,19), 13, (33,4,110), 1, (33,5,14), 3, (33,5,17), 5, (40,5,22), 6, (40,6,21), 3, (41,5,11), 3, (41,5,12), 3, (41,4,00), 1, (41,5,00), 1, 
/* out0114_had-eta14-phi5*/	9, (33,4,12), 3, (33,4,16), 4, (33,4,19), 1, (33,4,110), 15, (33,4,111), 1, (40,5,21), 3, (40,5,22), 5, (41,5,11), 1, (41,4,00), 7, 
/* out0115_had-eta15-phi5*/	8, (33,4,14), 4, (33,4,15), 3, (33,4,16), 9, (33,4,17), 3, (40,5,21), 5, (40,4,10), 2, (41,4,00), 5, (41,4,01), 1, 
/* out0116_had-eta16-phi5*/	8, (33,3,00), 1, (33,3,18), 7, (33,4,14), 8, (40,4,22), 2, (40,4,10), 3, (41,3,00), 2, (41,3,01), 2, (41,4,01), 1, 
/* out0117_had-eta17-phi5*/	8, (33,3,18), 7, (33,3,110), 1, (33,3,111), 6, (40,4,21), 1, (40,4,22), 2, (40,4,10), 1, (41,3,00), 6, (41,3,01), 2, 
/* out0118_had-eta18-phi5*/	4, (33,3,15), 4, (33,3,16), 1, (33,3,110), 2, (33,3,111), 5, 
/* out0119_had-eta19-phi5*/	4, (33,2,00), 16, (33,2,02), 1, (33,3,14), 2, (33,3,15), 7, 
/* out0120_had-eta0-phi6*/	1, (43,3,10), 1, 
/* out0121_had-eta1-phi6*/	1, (43,3,10), 5, 
/* out0122_had-eta2-phi6*/	7, (33,12,30), 10, (33,12,40), 4, (33,12,41), 1, (33,12,42), 15, (33,13,52), 3, (43,2,10), 2, (43,3,10), 2, 
/* out0123_had-eta3-phi6*/	9, (33,11,30), 16, (33,11,31), 3, (33,11,32), 4, (33,12,30), 1, (33,12,31), 1, (33,11,42), 9, (33,12,41), 13, (33,12,42), 1, (43,2,10), 4, 
/* out0124_had-eta4-phi6*/	8, (33,10,30), 14, (33,10,31), 4, (33,10,32), 11, (33,11,31), 4, (33,11,41), 4, (33,11,42), 1, (43,1,10), 3, (43,2,10), 2, 
/* out0125_had-eta5-phi6*/	6, (33,9,20), 3, (33,9,30), 3, (33,9,32), 14, (33,10,30), 1, (33,10,31), 10, (43,1,10), 4, 
/* out0126_had-eta6-phi6*/	6, (33,8,20), 7, (33,8,32), 2, (33,9,31), 13, (33,9,32), 2, (43,0,10), 2, (43,1,10), 1, 
/* out0127_had-eta7-phi6*/	7, (33,7,20), 2, (33,7,22), 2, (33,8,20), 6, (33,8,21), 3, (33,8,31), 4, (33,8,32), 6, (43,0,10), 3, 
/* out0128_had-eta8-phi6*/	7, (33,7,20), 11, (33,7,21), 3, (33,7,22), 3, (40,8,30), 7, (40,8,32), 8, (41,7,10), 1, (43,0,10), 2, 
/* out0129_had-eta9-phi6*/	10, (33,6,22), 7, (33,7,20), 1, (33,7,21), 6, (40,7,32), 3, (40,8,30), 3, (40,8,31), 13, (40,7,20), 1, (41,7,10), 7, (41,7,22), 11, (43,0,10), 1, 
/* out0130_had-eta10-phi6*/	10, (33,6,20), 1, (33,6,21), 5, (33,6,22), 6, (40,7,31), 3, (40,7,32), 11, (40,7,20), 1, (41,6,10), 8, (41,6,12), 1, (41,7,11), 1, (41,7,21), 6, 
/* out0131_had-eta11-phi6*/	9, (33,5,10), 11, (33,5,28), 7, (33,6,21), 6, (40,6,32), 1, (40,7,31), 6, (40,6,20), 6, (41,6,10), 8, (41,6,11), 4, (41,6,22), 1, 
/* out0132_had-eta12-phi6*/	11, (33,5,10), 4, (33,5,11), 9, (33,5,25), 1, (33,5,28), 6, (33,5,211), 15, (40,6,32), 3, (40,6,20), 6, (40,6,21), 1, (41,5,10), 3, (41,5,12), 7, (41,6,11), 1, 
/* out0133_had-eta13-phi6*/	13, (33,4,10), 2, (33,4,13), 12, (33,4,19), 2, (33,5,17), 1, (33,5,24), 1, (33,5,25), 10, (40,6,31), 1, (40,5,20), 4, (40,5,22), 3, (40,6,21), 1, (41,5,10), 2, (41,5,11), 6, (41,5,12), 2, 
/* out0134_had-eta14-phi6*/	10, (33,4,10), 5, (33,4,11), 4, (33,4,12), 11, (33,4,13), 4, (40,5,20), 5, (40,5,21), 2, (40,5,22), 1, (41,4,12), 3, (41,5,11), 4, (41,4,00), 1, 
/* out0135_had-eta15-phi6*/	7, (33,4,11), 7, (33,4,12), 2, (33,4,16), 3, (33,4,17), 9, (40,4,22), 1, (40,5,21), 5, (41,4,12), 6, 
/* out0136_had-eta16-phi6*/	7, (33,3,18), 1, (33,3,19), 11, (33,4,14), 1, (33,4,17), 4, (40,4,22), 5, (41,4,11), 4, (41,3,00), 2, 
/* out0137_had-eta17-phi6*/	7, (33,3,12), 1, (33,3,19), 3, (33,3,110), 10, (40,4,21), 4, (40,4,22), 3, (41,4,11), 1, (41,3,00), 6, 
/* out0138_had-eta18-phi6*/	4, (33,3,12), 1, (33,3,16), 8, (33,3,110), 3, (40,4,21), 2, 
/* out0139_had-eta19-phi6*/	4, (33,3,14), 4, (33,3,15), 2, (33,3,16), 3, (33,3,17), 2, 
/* out0140_had-eta0-phi7*/	1, (43,3,20), 1, 
/* out0141_had-eta1-phi7*/	1, (43,3,20), 5, 
/* out0142_had-eta2-phi7*/	8, (33,12,40), 9, (33,12,50), 2, (33,12,52), 11, (33,13,50), 16, (33,13,51), 16, (33,13,52), 13, (43,2,20), 2, (43,3,20), 2, 
/* out0143_had-eta3-phi7*/	10, (33,11,40), 13, (33,11,41), 1, (33,11,42), 6, (33,11,52), 3, (33,12,40), 3, (33,12,41), 2, (33,12,50), 1, (33,12,51), 11, (33,12,52), 5, (43,2,20), 4, 
/* out0144_had-eta4-phi7*/	9, (33,10,30), 1, (33,10,40), 7, (33,10,42), 13, (33,11,40), 3, (33,11,41), 11, (33,11,51), 1, (33,11,52), 2, (43,1,20), 3, (43,2,20), 2, 
/* out0145_had-eta5-phi7*/	6, (33,9,30), 8, (33,9,42), 5, (33,10,40), 1, (33,10,41), 14, (33,10,42), 3, (43,1,20), 4, 
/* out0146_had-eta6-phi7*/	8, (33,8,30), 4, (33,8,32), 4, (33,9,30), 5, (33,9,31), 3, (33,9,41), 4, (33,9,42), 5, (43,0,20), 2, (43,1,20), 1, 
/* out0147_had-eta7-phi7*/	4, (33,8,30), 9, (33,8,31), 9, (33,8,32), 4, (43,0,20), 3, 
/* out0148_had-eta8-phi7*/	8, (33,7,20), 2, (33,7,32), 13, (33,8,31), 3, (40,8,30), 3, (40,8,42), 6, (41,7,20), 1, (41,7,22), 1, (43,0,20), 2, 
/* out0149_had-eta9-phi7*/	12, (33,6,20), 5, (33,7,31), 8, (33,7,32), 2, (40,7,30), 2, (40,7,32), 1, (40,8,30), 3, (40,8,41), 6, (40,8,42), 8, (41,7,20), 12, (41,7,21), 1, (41,7,22), 4, (43,0,20), 1, 
/* out0150_had-eta10-phi7*/	9, (33,6,20), 10, (33,6,21), 1, (33,6,32), 1, (40,7,30), 13, (40,7,31), 2, (40,7,32), 1, (41,6,22), 6, (41,7,20), 2, (41,7,21), 9, 
/* out0151_had-eta11-phi7*/	11, (33,5,23), 6, (33,5,28), 3, (33,5,29), 15, (33,5,210), 1, (33,6,21), 3, (40,6,30), 1, (40,6,32), 6, (40,7,30), 1, (40,7,31), 5, (41,6,21), 4, (41,6,22), 9, 
/* out0152_had-eta12-phi7*/	11, (33,5,22), 8, (33,5,26), 8, (33,5,29), 1, (33,5,210), 15, (33,5,211), 1, (40,6,30), 1, (40,6,31), 3, (40,6,32), 6, (41,5,10), 5, (41,6,21), 6, (41,5,22), 1, 
/* out0153_had-eta13-phi7*/	9, (33,5,24), 13, (33,5,25), 5, (33,5,26), 6, (33,5,27), 3, (40,6,31), 7, (40,5,20), 2, (41,5,10), 6, (41,5,11), 1, (41,5,22), 2, 
/* out0154_had-eta14-phi7*/	9, (33,4,10), 9, (33,5,24), 1, (33,4,28), 10, (33,4,211), 1, (40,5,32), 3, (40,5,20), 4, (41,4,10), 2, (41,4,12), 4, (41,5,11), 1, 
/* out0155_had-eta15-phi7*/	12, (33,4,11), 5, (33,4,25), 2, (33,4,211), 11, (40,5,31), 1, (40,5,32), 1, (40,4,20), 1, (40,4,22), 1, (40,5,20), 1, (40,5,21), 1, (41,4,10), 3, (41,4,11), 1, (41,4,12), 3, 
/* out0156_had-eta16-phi7*/	6, (33,3,13), 10, (33,3,19), 2, (33,4,25), 4, (40,4,20), 4, (40,4,22), 2, (41,4,11), 5, 
/* out0157_had-eta17-phi7*/	5, (33,3,12), 7, (33,3,13), 6, (40,4,20), 2, (40,4,21), 3, (41,4,11), 2, 
/* out0158_had-eta18-phi7*/	4, (33,3,11), 2, (33,3,12), 7, (33,3,16), 3, (40,4,21), 4, 
/* out0159_had-eta19-phi7*/	3, (33,3,14), 10, (33,3,16), 1, (33,3,17), 9, 
/* out0160_had-eta0-phi8*/	1, (43,3,20), 1, 
/* out0161_had-eta1-phi8*/	1, (43,3,20), 5, 
/* out0162_had-eta2-phi8*/	4, (33,12,50), 7, (33,12,62), 6, (43,2,20), 2, (43,3,20), 2, 
/* out0163_had-eta3-phi8*/	7, (33,11,50), 11, (33,11,52), 9, (33,12,50), 6, (33,12,51), 5, (33,12,61), 8, (33,12,62), 10, (43,2,20), 4, 
/* out0164_had-eta4-phi8*/	7, (33,10,40), 5, (33,11,50), 5, (33,11,51), 15, (33,11,52), 2, (33,10,52), 11, (43,1,20), 3, (43,2,20), 2, 
/* out0165_had-eta5-phi8*/	7, (33,9,40), 8, (33,9,42), 4, (33,10,40), 3, (33,10,41), 2, (33,10,51), 8, (33,10,52), 5, (43,1,20), 4, 
/* out0166_had-eta6-phi8*/	6, (33,9,40), 8, (33,9,41), 12, (33,9,42), 2, (33,8,42), 4, (43,0,20), 2, (43,1,20), 1, 
/* out0167_had-eta7-phi8*/	4, (33,8,30), 3, (33,8,41), 5, (33,8,42), 12, (43,0,20), 3, 
/* out0168_had-eta8-phi8*/	6, (33,7,30), 13, (33,7,32), 1, (33,8,41), 3, (40,8,40), 6, (40,8,42), 1, (43,0,20), 2, 
/* out0169_had-eta9-phi8*/	10, (33,7,30), 3, (33,7,31), 8, (33,6,32), 3, (40,7,42), 1, (40,8,40), 10, (40,8,41), 9, (40,8,42), 1, (41,7,20), 1, (41,7,32), 13, (43,0,20), 1, 
/* out0170_had-eta10-phi8*/	7, (33,6,31), 1, (33,6,32), 11, (40,7,42), 13, (40,8,41), 1, (41,6,20), 5, (41,7,31), 8, (41,7,32), 3, 
/* out0171_had-eta11-phi8*/	9, (33,5,20), 5, (33,5,23), 8, (33,6,31), 6, (33,6,32), 1, (40,7,41), 7, (40,7,42), 1, (40,6,30), 4, (41,6,20), 11, (41,6,21), 2, 
/* out0172_had-eta12-phi8*/	9, (33,5,20), 11, (33,5,21), 11, (33,5,22), 8, (33,5,23), 2, (33,5,26), 1, (40,6,30), 9, (40,6,31), 1, (41,6,21), 4, (41,5,22), 6, 
/* out0173_had-eta13-phi8*/	11, (33,5,21), 5, (33,5,24), 1, (33,5,26), 1, (33,5,27), 13, (33,4,28), 1, (33,4,29), 6, (40,5,32), 4, (40,6,30), 1, (40,6,31), 4, (41,5,21), 2, (41,5,22), 7, 
/* out0174_had-eta14-phi8*/	7, (33,4,28), 5, (33,4,29), 9, (33,4,210), 8, (33,4,211), 1, (40,5,32), 7, (41,4,10), 3, (41,5,21), 5, 
/* out0175_had-eta15-phi8*/	7, (33,4,25), 3, (33,4,26), 7, (33,4,210), 7, (33,4,211), 3, (40,5,31), 6, (40,5,32), 1, (41,4,10), 6, 
/* out0176_had-eta16-phi8*/	7, (33,3,10), 2, (33,4,24), 7, (33,4,25), 7, (40,5,31), 1, (40,4,20), 4, (41,4,10), 2, (41,4,11), 3, 
/* out0177_had-eta17-phi8*/	3, (33,3,10), 12, (33,3,11), 1, (40,4,20), 4, 
/* out0178_had-eta18-phi8*/	4, (33,3,10), 2, (33,3,11), 9, (40,4,20), 1, (40,4,21), 2, 
/* out0179_had-eta19-phi8*/	2, (33,3,11), 4, (33,3,17), 5, 
/* out0180_had-eta0-phi9*/	1, (43,3,30), 1, 
/* out0181_had-eta1-phi9*/	1, (43,3,30), 5, 
/* out0182_had-eta2-phi9*/	4, (33,12,60), 6, (33,12,72), 7, (43,2,30), 2, (43,3,30), 2, 
/* out0183_had-eta3-phi9*/	7, (33,11,60), 9, (33,11,62), 11, (33,12,60), 10, (33,12,61), 8, (33,12,71), 4, (33,12,72), 6, (43,2,30), 4, 
/* out0184_had-eta4-phi9*/	7, (33,10,50), 11, (33,11,60), 2, (33,11,61), 15, (33,11,62), 5, (33,10,62), 5, (43,1,30), 3, (43,2,30), 2, 
/* out0185_had-eta5-phi9*/	7, (33,10,50), 5, (33,10,51), 8, (33,9,50), 4, (33,9,52), 8, (33,10,61), 2, (33,10,62), 3, (43,1,30), 4, 
/* out0186_had-eta6-phi9*/	6, (33,8,40), 4, (33,9,50), 2, (33,9,51), 12, (33,9,52), 8, (43,0,30), 2, (43,1,30), 1, 
/* out0187_had-eta7-phi9*/	4, (33,8,40), 12, (33,8,41), 5, (33,8,52), 3, (43,0,30), 3, 
/* out0188_had-eta8-phi9*/	6, (33,8,41), 3, (33,7,40), 1, (33,7,42), 13, (40,8,50), 1, (40,8,52), 6, (43,0,30), 2, 
/* out0189_had-eta9-phi9*/	10, (33,6,30), 4, (33,7,41), 8, (33,7,42), 3, (40,7,40), 1, (40,8,50), 1, (40,8,51), 9, (40,8,52), 10, (41,7,30), 13, (41,7,42), 1, (43,0,30), 1, 
/* out0190_had-eta10-phi9*/	9, (33,6,30), 11, (33,6,31), 2, (40,7,40), 14, (40,7,41), 1, (40,7,42), 1, (40,8,51), 1, (41,6,32), 5, (41,7,30), 3, (41,7,31), 8, 
/* out0191_had-eta11-phi9*/	8, (33,5,38), 5, (33,5,39), 8, (33,6,31), 7, (40,6,42), 4, (40,7,40), 1, (40,7,41), 8, (41,6,31), 2, (41,6,32), 11, 
/* out0192_had-eta12-phi9*/	9, (33,5,36), 1, (33,5,38), 11, (33,5,39), 2, (33,5,310), 8, (33,5,311), 11, (40,6,41), 1, (40,6,42), 9, (41,5,20), 6, (41,6,31), 4, 
/* out0193_had-eta13-phi9*/	12, (33,4,20), 1, (33,4,23), 7, (33,4,29), 1, (33,5,34), 1, (33,5,35), 13, (33,5,36), 1, (33,5,311), 5, (40,5,30), 4, (40,6,41), 4, (40,6,42), 1, (41,5,20), 7, (41,5,21), 3, 
/* out0194_had-eta14-phi9*/	8, (33,4,20), 3, (33,4,21), 1, (33,4,22), 9, (33,4,23), 9, (33,4,210), 1, (40,5,30), 7, (41,4,22), 3, (41,5,21), 5, 
/* out0195_had-eta15-phi9*/	7, (33,4,21), 2, (33,4,22), 7, (33,4,26), 8, (33,4,27), 3, (40,5,30), 1, (40,5,31), 6, (41,4,22), 6, 
/* out0196_had-eta16-phi9*/	8, (33,4,24), 8, (33,4,26), 1, (33,4,27), 6, (33,3,28), 2, (40,4,32), 4, (40,5,31), 1, (41,4,21), 3, (41,4,22), 2, 
/* out0197_had-eta17-phi9*/	4, (33,4,24), 1, (33,3,28), 12, (33,3,211), 1, (40,4,32), 4, 
/* out0198_had-eta18-phi9*/	4, (33,3,28), 2, (33,3,211), 9, (40,4,31), 2, (40,4,32), 1, 
/* out0199_had-eta19-phi9*/	2, (33,3,25), 5, (33,3,211), 4, 
/* out0200_had-eta0-phi10*/	1, (43,3,30), 1, 
/* out0201_had-eta1-phi10*/	1, (43,3,30), 5, 
/* out0202_had-eta2-phi10*/	8, (33,12,70), 11, (33,12,72), 2, (33,13,80), 13, (33,13,81), 16, (33,13,82), 16, (33,12,82), 9, (43,2,30), 2, (43,3,30), 2, 
/* out0203_had-eta3-phi10*/	10, (33,11,60), 3, (33,12,70), 5, (33,12,71), 12, (33,12,72), 1, (33,11,70), 6, (33,11,71), 1, (33,11,72), 13, (33,12,81), 2, (33,12,82), 3, (43,2,30), 4, 
/* out0204_had-eta4-phi10*/	9, (33,11,60), 2, (33,11,61), 1, (33,10,60), 13, (33,10,62), 7, (33,11,71), 11, (33,11,72), 3, (33,10,72), 1, (43,1,30), 3, (43,2,30), 2, 
/* out0205_had-eta5-phi10*/	6, (33,9,50), 5, (33,10,60), 3, (33,10,61), 14, (33,10,62), 1, (33,9,62), 8, (43,1,30), 4, 
/* out0206_had-eta6-phi10*/	8, (33,9,50), 5, (33,9,51), 4, (33,8,50), 4, (33,8,52), 4, (33,9,61), 3, (33,9,62), 5, (43,0,30), 2, (43,1,30), 1, 
/* out0207_had-eta7-phi10*/	4, (33,8,50), 4, (33,8,51), 9, (33,8,52), 9, (43,0,30), 3, 
/* out0208_had-eta8-phi10*/	8, (33,7,52), 2, (33,7,40), 13, (33,8,51), 3, (40,8,50), 6, (40,8,62), 3, (41,7,40), 1, (41,7,42), 1, (43,0,30), 2, 
/* out0209_had-eta9-phi10*/	12, (33,6,42), 5, (33,7,40), 2, (33,7,41), 8, (40,7,50), 1, (40,7,52), 2, (40,8,50), 8, (40,8,51), 6, (40,8,62), 3, (41,7,40), 4, (41,7,41), 1, (41,7,42), 12, (43,0,30), 1, 
/* out0210_had-eta10-phi10*/	9, (33,6,41), 1, (33,6,42), 10, (33,6,30), 1, (40,7,50), 1, (40,7,51), 2, (40,7,52), 13, (41,6,30), 6, (41,7,41), 9, (41,7,42), 2, 
/* out0211_had-eta11-phi10*/	11, (33,5,30), 3, (33,5,32), 1, (33,5,33), 15, (33,5,39), 6, (33,6,41), 3, (40,6,40), 6, (40,6,42), 1, (40,7,51), 5, (40,7,52), 1, (41,6,30), 9, (41,6,31), 4, 
/* out0212_had-eta12-phi10*/	11, (33,5,31), 1, (33,5,32), 15, (33,5,33), 1, (33,5,36), 8, (33,5,310), 8, (40,6,40), 6, (40,6,41), 3, (40,6,42), 1, (41,5,32), 5, (41,5,20), 1, (41,6,31), 6, 
/* out0213_had-eta13-phi10*/	9, (33,5,34), 13, (33,5,35), 3, (33,5,36), 6, (33,5,37), 5, (40,5,42), 2, (40,6,41), 7, (41,5,31), 1, (41,5,32), 6, (41,5,20), 2, 
/* out0214_had-eta14-phi10*/	10, (33,4,20), 12, (33,4,21), 1, (33,5,34), 1, (33,4,38), 9, (40,5,42), 4, (40,5,30), 3, (41,4,20), 4, (41,4,22), 2, (41,5,31), 1, (41,5,21), 1, 
/* out0215_had-eta15-phi10*/	12, (33,4,21), 12, (33,4,27), 2, (33,4,311), 5, (40,4,30), 1, (40,4,32), 1, (40,5,41), 1, (40,5,42), 1, (40,5,30), 1, (40,5,31), 1, (41,4,20), 3, (41,4,21), 1, (41,4,22), 3, 
/* out0216_had-eta16-phi10*/	6, (33,4,27), 5, (33,3,23), 2, (33,3,29), 10, (40,4,30), 2, (40,4,32), 4, (41,4,21), 5, 
/* out0217_had-eta17-phi10*/	5, (33,3,29), 6, (33,3,210), 7, (40,4,31), 3, (40,4,32), 2, (41,4,21), 2, 
/* out0218_had-eta18-phi10*/	4, (33,3,26), 3, (33,3,210), 7, (33,3,211), 2, (40,4,31), 4, 
/* out0219_had-eta19-phi10*/	3, (33,3,24), 10, (33,3,25), 9, (33,3,26), 1, 
/* out0220_had-eta0-phi11*/	1, (43,3,40), 1, 
/* out0221_had-eta1-phi11*/	1, (43,3,40), 5, 
/* out0222_had-eta2-phi11*/	7, (33,13,80), 3, (33,12,80), 15, (33,12,81), 1, (33,12,82), 4, (33,12,92), 10, (43,2,40), 2, (43,3,40), 2, 
/* out0223_had-eta3-phi11*/	9, (33,11,70), 9, (33,12,80), 1, (33,12,81), 13, (33,11,80), 4, (33,11,81), 3, (33,11,82), 16, (33,12,91), 1, (33,12,92), 1, (43,2,40), 4, 
/* out0224_had-eta4-phi11*/	8, (33,11,70), 1, (33,11,71), 4, (33,10,70), 11, (33,10,71), 4, (33,10,72), 14, (33,11,81), 4, (43,1,40), 3, (43,2,40), 2, 
/* out0225_had-eta5-phi11*/	6, (33,9,72), 3, (33,9,60), 14, (33,9,62), 3, (33,10,71), 10, (33,10,72), 1, (43,1,40), 4, 
/* out0226_had-eta6-phi11*/	6, (33,8,62), 7, (33,8,50), 2, (33,9,60), 2, (33,9,61), 13, (43,0,40), 2, (43,1,40), 1, 
/* out0227_had-eta7-phi11*/	7, (33,7,50), 2, (33,7,52), 2, (33,8,61), 3, (33,8,62), 6, (33,8,50), 6, (33,8,51), 4, (43,0,40), 3, 
/* out0228_had-eta8-phi11*/	7, (33,7,50), 3, (33,7,51), 3, (33,7,52), 11, (40,8,60), 8, (40,8,62), 7, (41,7,52), 1, (43,0,40), 2, 
/* out0229_had-eta9-phi11*/	10, (33,6,40), 7, (33,7,51), 6, (33,7,52), 1, (40,7,62), 1, (40,7,50), 3, (40,8,61), 13, (40,8,62), 3, (41,7,52), 7, (41,7,40), 11, (43,0,40), 1, 
/* out0230_had-eta10-phi11*/	10, (33,6,40), 6, (33,6,41), 5, (33,6,42), 1, (40,7,62), 1, (40,7,50), 11, (40,7,51), 3, (41,6,40), 1, (41,6,42), 8, (41,7,51), 1, (41,7,41), 6, 
/* out0231_had-eta11-phi11*/	9, (33,5,30), 7, (33,5,48), 11, (33,6,41), 6, (40,6,52), 6, (40,6,40), 1, (40,7,51), 6, (41,6,41), 4, (41,6,42), 8, (41,6,30), 1, 
/* out0232_had-eta12-phi11*/	11, (33,5,30), 6, (33,5,31), 15, (33,5,37), 1, (33,5,48), 4, (33,5,411), 9, (40,6,51), 1, (40,6,52), 6, (40,6,40), 3, (41,5,30), 7, (41,5,32), 3, (41,6,41), 1, 
/* out0233_had-eta13-phi11*/	13, (33,5,34), 1, (33,5,37), 10, (33,4,33), 2, (33,4,38), 2, (33,4,39), 12, (33,5,45), 1, (40,5,40), 3, (40,5,42), 4, (40,6,51), 1, (40,6,41), 1, (41,5,30), 2, (41,5,31), 6, (41,5,32), 2, 
/* out0234_had-eta14-phi11*/	10, (33,4,38), 5, (33,4,39), 4, (33,4,310), 11, (33,4,311), 4, (40,5,40), 1, (40,5,41), 2, (40,5,42), 5, (41,4,32), 1, (41,4,20), 3, (41,5,31), 4, 
/* out0235_had-eta15-phi11*/	7, (33,4,35), 9, (33,4,36), 3, (33,4,310), 2, (33,4,311), 7, (40,4,30), 1, (40,5,41), 5, (41,4,20), 6, 
/* out0236_had-eta16-phi11*/	7, (33,3,20), 1, (33,3,23), 11, (33,4,34), 1, (33,4,35), 4, (40,4,30), 5, (41,3,21), 2, (41,4,21), 4, 
/* out0237_had-eta17-phi11*/	7, (33,3,22), 10, (33,3,23), 3, (33,3,210), 1, (40,4,30), 3, (40,4,31), 4, (41,3,21), 6, (41,4,21), 1, 
/* out0238_had-eta18-phi11*/	4, (33,3,22), 3, (33,3,26), 8, (33,3,210), 1, (40,4,31), 2, 
/* out0239_had-eta19-phi11*/	4, (33,3,24), 4, (33,3,25), 2, (33,3,26), 3, (33,3,27), 2, 
/* out0240_had-eta0-phi12*/	1, (43,3,40), 1, 
/* out0241_had-eta1-phi12*/	1, (43,3,40), 5, 
/* out0242_had-eta2-phi12*/	9, (33,11,90), 1, (33,11,92), 1, (33,12,100), 1, (33,12,101), 13, (33,12,90), 16, (33,12,91), 9, (33,12,92), 5, (43,2,40), 2, (43,3,40), 2, 
/* out0243_had-eta3-phi12*/	9, (33,10,80), 2, (33,10,82), 1, (33,11,90), 1, (33,11,91), 4, (33,11,92), 15, (33,11,80), 12, (33,11,81), 6, (33,12,91), 6, (43,2,40), 4, 
/* out0244_had-eta4-phi12*/	8, (33,10,80), 5, (33,10,81), 9, (33,10,82), 15, (33,10,70), 5, (33,10,71), 1, (33,11,81), 3, (43,1,40), 3, (43,2,40), 2, 
/* out0245_had-eta5-phi12*/	6, (33,9,70), 12, (33,9,71), 5, (33,9,72), 12, (33,10,81), 1, (33,10,71), 1, (43,1,40), 4, 
/* out0246_had-eta6-phi12*/	7, (33,8,60), 14, (33,8,62), 2, (33,9,71), 8, (33,9,72), 1, (33,8,72), 1, (43,0,40), 2, (43,1,40), 1, 
/* out0247_had-eta7-phi12*/	6, (33,7,50), 2, (33,8,60), 2, (33,8,61), 13, (33,8,62), 1, (33,7,62), 4, (43,0,40), 3, 
/* out0248_had-eta8-phi12*/	9, (33,7,50), 9, (33,7,51), 3, (33,7,62), 5, (40,8,70), 1, (40,8,71), 15, (40,8,60), 6, (41,7,50), 6, (41,7,52), 2, (43,0,40), 2, 
/* out0249_had-eta9-phi12*/	13, (33,6,40), 1, (33,7,51), 4, (33,6,52), 10, (40,7,60), 5, (40,7,62), 7, (40,8,70), 2, (40,8,71), 1, (40,8,60), 2, (40,8,61), 3, (41,7,50), 5, (41,7,51), 8, (41,7,52), 6, (43,0,40), 1, 
/* out0250_had-eta10-phi12*/	12, (33,5,43), 4, (33,5,49), 1, (33,6,40), 2, (33,6,41), 1, (33,6,51), 3, (33,6,52), 5, (40,7,60), 1, (40,7,61), 7, (40,7,62), 7, (41,6,52), 1, (41,6,40), 11, (41,7,51), 4, 
/* out0251_had-eta11-phi12*/	11, (33,5,42), 6, (33,5,43), 9, (33,5,48), 1, (33,5,49), 15, (33,5,410), 9, (40,6,50), 9, (40,6,52), 3, (40,7,61), 1, (41,5,42), 1, (41,6,40), 3, (41,6,41), 9, 
/* out0252_had-eta12-phi12*/	12, (33,5,42), 1, (33,5,44), 1, (33,5,45), 10, (33,5,46), 9, (33,5,410), 7, (33,5,411), 7, (40,6,50), 1, (40,6,51), 8, (40,6,52), 1, (41,5,42), 5, (41,5,30), 4, (41,6,41), 2, 
/* out0253_had-eta13-phi12*/	11, (33,4,30), 6, (33,4,32), 1, (33,4,33), 13, (33,5,44), 3, (33,5,45), 5, (40,5,40), 6, (40,6,51), 3, (41,4,32), 1, (41,5,42), 1, (41,5,30), 3, (41,5,31), 3, 
/* out0254_had-eta14-phi12*/	9, (33,4,31), 1, (33,4,32), 15, (33,4,33), 1, (33,4,36), 4, (33,4,310), 3, (40,5,40), 5, (40,5,41), 3, (41,4,32), 7, (41,5,31), 1, 
/* out0255_had-eta15-phi12*/	8, (33,4,34), 4, (33,4,35), 3, (33,4,36), 9, (33,4,37), 3, (40,4,42), 2, (40,5,41), 5, (41,4,31), 1, (41,4,32), 5, 
/* out0256_had-eta16-phi12*/	7, (33,3,20), 7, (33,4,34), 8, (40,4,42), 3, (40,4,30), 2, (41,3,20), 2, (41,3,21), 2, (41,4,31), 1, 
/* out0257_had-eta17-phi12*/	8, (33,3,20), 7, (33,3,21), 6, (33,3,22), 1, (40,4,42), 1, (40,4,30), 2, (40,4,31), 1, (41,3,20), 2, (41,3,21), 6, 
/* out0258_had-eta18-phi12*/	4, (33,3,21), 5, (33,3,22), 2, (33,3,26), 1, (33,3,27), 4, 
/* out0259_had-eta19-phi12*/	4, (33,2,24), 16, (33,2,25), 1, (33,3,24), 2, (33,3,27), 7, 
/* out0260_had-eta0-phi13*/	1, (43,3,50), 1, 
/* out0261_had-eta1-phi13*/	1, (43,3,50), 5, 
/* out0262_had-eta2-phi13*/	7, (33,11,90), 3, (33,12,100), 15, (33,12,101), 3, (33,11,100), 2, (33,11,102), 10, (43,2,50), 2, (43,3,50), 2, 
/* out0263_had-eta3-phi13*/	8, (33,10,80), 1, (33,11,90), 11, (33,11,91), 12, (33,10,90), 5, (33,10,92), 8, (33,11,101), 4, (33,11,102), 6, (43,2,50), 4, 
/* out0264_had-eta4-phi13*/	8, (33,10,80), 8, (33,10,81), 6, (33,9,80), 5, (33,9,82), 5, (33,10,91), 6, (33,10,92), 8, (43,1,50), 3, (43,2,50), 2, 
/* out0265_had-eta5-phi13*/	8, (33,9,70), 4, (33,9,71), 2, (33,8,70), 3, (33,8,72), 1, (33,9,80), 2, (33,9,81), 8, (33,9,82), 11, (43,1,50), 4, 
/* out0266_had-eta6-phi13*/	6, (33,9,71), 1, (33,8,70), 6, (33,8,71), 6, (33,8,72), 13, (43,0,50), 2, (43,1,50), 1, 
/* out0267_had-eta7-phi13*/	5, (33,7,60), 11, (33,7,62), 4, (33,8,71), 5, (33,8,72), 1, (43,0,50), 3, 
/* out0268_had-eta8-phi13*/	9, (33,6,50), 1, (33,7,60), 1, (33,7,61), 13, (33,7,62), 3, (40,7,72), 1, (40,8,70), 9, (41,7,61), 8, (41,7,50), 1, (43,0,50), 2, 
/* out0269_had-eta9-phi13*/	13, (33,6,50), 13, (33,6,51), 1, (33,6,52), 1, (40,7,72), 7, (40,7,60), 7, (40,8,70), 4, (41,6,50), 3, (41,6,52), 2, (41,7,60), 4, (41,7,61), 8, (41,7,50), 4, (41,7,51), 3, (43,0,50), 1, 
/* out0270_had-eta10-phi13*/	10, (33,5,40), 1, (33,5,52), 1, (33,6,51), 11, (40,6,62), 4, (40,7,72), 1, (40,7,60), 3, (40,7,61), 7, (41,6,50), 2, (41,6,51), 2, (41,6,52), 12, 
/* out0271_had-eta11-phi13*/	13, (33,5,40), 15, (33,5,41), 10, (33,5,42), 7, (33,5,43), 3, (33,5,52), 1, (40,6,62), 8, (40,6,50), 4, (40,7,61), 1, (41,5,40), 5, (41,5,42), 2, (41,6,51), 4, (41,6,52), 1, (41,6,40), 1, 
/* out0272_had-eta12-phi13*/	14, (33,4,49), 1, (33,5,41), 3, (33,5,42), 2, (33,5,44), 5, (33,5,46), 7, (33,5,47), 14, (40,5,50), 1, (40,5,52), 3, (40,6,61), 1, (40,6,50), 2, (40,6,51), 3, (41,5,40), 3, (41,5,41), 3, (41,5,42), 6, 
/* out0273_had-eta13-phi13*/	7, (33,4,48), 13, (33,4,30), 7, (33,5,44), 7, (40,5,52), 9, (41,4,30), 3, (41,5,41), 6, (41,5,42), 1, 
/* out0274_had-eta14-phi13*/	11, (33,4,48), 1, (33,4,411), 3, (33,4,30), 3, (33,4,31), 15, (33,4,37), 1, (40,4,40), 1, (40,5,51), 2, (40,5,52), 3, (40,5,40), 1, (41,4,30), 6, (41,4,32), 1, 
/* out0275_had-eta15-phi13*/	8, (33,3,38), 1, (33,3,39), 4, (33,4,34), 2, (33,4,37), 12, (40,4,40), 2, (40,4,42), 4, (41,4,31), 6, (41,4,32), 1, 
/* out0276_had-eta16-phi13*/	8, (33,3,38), 12, (33,3,39), 3, (33,3,311), 1, (33,4,34), 1, (40,4,41), 1, (40,4,42), 5, (41,3,20), 3, (41,4,31), 3, 
/* out0277_had-eta17-phi13*/	7, (33,3,38), 3, (33,3,311), 7, (33,3,20), 1, (33,3,21), 1, (40,4,41), 4, (40,4,42), 1, (41,3,20), 5, 
/* out0278_had-eta18-phi13*/	6, (33,2,23), 1, (33,2,25), 1, (33,3,311), 3, (33,3,21), 4, (33,3,27), 2, (41,3,20), 1, 
/* out0279_had-eta19-phi13*/	2, (33,2,25), 9, (33,3,27), 1, 
/* out0280_had-eta0-phi14*/	1, (43,3,50), 1, 
/* out0281_had-eta1-phi14*/	1, (43,3,50), 5, 
/* out0282_had-eta2-phi14*/	3, (33,11,100), 14, (43,2,50), 2, (43,3,50), 2, 
/* out0283_had-eta3-phi14*/	3, (33,10,90), 10, (33,11,101), 12, (43,2,50), 4, 
/* out0284_had-eta4-phi14*/	8, (33,9,90), 4, (33,9,91), 1, (33,9,92), 15, (33,9,80), 5, (33,10,90), 1, (33,10,91), 10, (43,1,50), 3, (43,2,50), 2, 
/* out0285_had-eta5-phi14*/	8, (33,8,80), 4, (33,8,82), 10, (33,9,91), 3, (33,9,92), 1, (33,8,70), 1, (33,9,80), 4, (33,9,81), 8, (43,1,50), 4, 
/* out0286_had-eta6-phi14*/	8, (33,7,70), 3, (33,7,72), 3, (33,8,81), 4, (33,8,82), 6, (33,8,70), 6, (33,8,71), 4, (43,0,50), 2, (43,1,50), 1, 
/* out0287_had-eta7-phi14*/	6, (33,7,70), 1, (33,7,71), 2, (33,7,72), 13, (33,7,60), 3, (33,8,71), 1, (43,0,50), 3, 
/* out0288_had-eta8-phi14*/	9, (33,6,60), 4, (33,6,62), 7, (33,7,71), 1, (33,7,60), 1, (33,7,61), 3, (40,7,70), 6, (40,7,72), 1, (41,7,60), 3, (43,0,50), 2, 
/* out0289_had-eta9-phi14*/	10, (33,6,61), 4, (33,6,62), 9, (33,6,50), 2, (40,7,70), 6, (40,7,71), 7, (40,7,72), 6, (41,6,62), 6, (41,6,50), 4, (41,7,60), 9, (43,0,50), 1, 
/* out0290_had-eta10-phi14*/	10, (33,5,50), 4, (33,5,52), 7, (33,6,51), 1, (40,6,60), 9, (40,6,62), 1, (40,7,71), 5, (41,5,52), 1, (41,6,62), 1, (41,6,50), 7, (41,6,51), 6, 
/* out0291_had-eta11-phi14*/	9, (33,5,41), 1, (33,5,51), 2, (33,5,52), 7, (40,6,60), 3, (40,6,61), 7, (40,6,62), 3, (41,5,52), 6, (41,5,40), 3, (41,6,51), 4, 
/* out0292_had-eta12-phi14*/	11, (33,4,42), 1, (33,4,43), 12, (33,4,49), 10, (33,5,41), 2, (33,5,47), 2, (33,5,51), 2, (40,5,50), 7, (40,6,61), 4, (41,5,52), 1, (41,5,40), 5, (41,5,41), 4, 
/* out0293_had-eta13-phi14*/	12, (33,4,42), 2, (33,4,46), 1, (33,4,48), 2, (33,4,49), 5, (33,4,410), 15, (33,4,411), 3, (40,5,50), 4, (40,5,51), 3, (40,5,52), 1, (41,4,42), 5, (41,4,30), 1, (41,5,41), 3, 
/* out0294_had-eta14-phi14*/	8, (33,4,45), 11, (33,4,46), 2, (33,4,410), 1, (33,4,411), 10, (40,4,40), 1, (40,5,51), 7, (41,4,42), 2, (41,4,30), 5, 
/* out0295_had-eta15-phi14*/	8, (33,3,32), 1, (33,3,33), 12, (33,3,39), 6, (33,4,45), 1, (40,4,40), 6, (41,3,32), 2, (41,4,30), 1, (41,4,31), 4, 
/* out0296_had-eta16-phi14*/	7, (33,3,32), 3, (33,3,39), 3, (33,3,310), 11, (40,4,40), 2, (40,4,41), 3, (41,3,32), 4, (41,4,31), 1, 
/* out0297_had-eta17-phi14*/	7, (33,3,35), 2, (33,3,36), 3, (33,3,310), 5, (33,3,311), 4, (40,4,41), 4, (41,3,32), 2, (41,3,20), 2, 
/* out0298_had-eta18-phi14*/	4, (33,2,23), 2, (33,3,35), 9, (33,3,311), 1, (41,3,20), 1, 
/* out0299_had-eta19-phi14*/	4, (33,2,22), 15, (33,2,23), 9, (33,2,25), 5, (33,2,26), 16, 
/* out0300_had-eta0-phi15*/	1, (43,3,60), 1, 
/* out0301_had-eta1-phi15*/	1, (43,3,60), 5, 
/* out0302_had-eta2-phi15*/	4, (33,10,110), 6, (33,10,112), 8, (43,2,60), 2, (43,3,60), 2, 
/* out0303_had-eta3-phi15*/	5, (33,9,100), 4, (33,9,102), 7, (33,10,111), 5, (33,10,112), 8, (43,2,60), 4, 
/* out0304_had-eta4-phi15*/	8, (33,9,90), 12, (33,9,91), 8, (33,8,90), 2, (33,8,92), 3, (33,9,101), 2, (33,9,102), 9, (43,1,60), 3, (43,2,60), 2, 
/* out0305_had-eta5-phi15*/	6, (33,8,80), 12, (33,8,81), 2, (33,9,91), 4, (33,8,91), 1, (33,8,92), 11, (43,1,60), 4, 
/* out0306_had-eta6-phi15*/	5, (33,7,70), 6, (33,8,81), 10, (33,7,82), 10, (43,0,60), 2, (43,1,60), 1, 
/* out0307_had-eta7-phi15*/	5, (33,7,70), 6, (33,7,71), 11, (33,6,72), 3, (33,7,82), 1, (43,0,60), 3, 
/* out0308_had-eta8-phi15*/	8, (33,6,60), 11, (33,7,71), 2, (33,6,72), 4, (40,7,80), 1, (40,7,81), 11, (40,7,70), 1, (41,6,60), 3, (43,0,60), 2, 
/* out0309_had-eta9-phi15*/	13, (33,6,60), 1, (33,6,61), 12, (33,5,62), 2, (40,6,70), 3, (40,6,72), 3, (40,7,80), 3, (40,7,81), 5, (40,7,70), 3, (40,7,71), 3, (41,6,60), 9, (41,6,61), 4, (41,6,62), 7, (43,0,60), 1, 
/* out0310_had-eta10-phi15*/	10, (33,5,50), 11, (33,5,62), 1, (40,6,71), 1, (40,6,72), 12, (40,6,60), 2, (40,7,71), 1, (41,5,50), 6, (41,5,52), 1, (41,6,61), 7, (41,6,62), 2, 
/* out0311_had-eta11-phi15*/	11, (33,4,58), 1, (33,5,51), 9, (40,5,60), 2, (40,5,62), 4, (40,6,71), 1, (40,6,72), 1, (40,6,60), 2, (40,6,61), 3, (41,5,50), 4, (41,5,51), 3, (41,5,52), 6, 
/* out0312_had-eta12-phi15*/	13, (33,4,40), 15, (33,4,41), 2, (33,4,42), 2, (33,4,43), 4, (33,4,58), 3, (33,5,51), 2, (40,5,62), 9, (40,5,50), 1, (40,6,61), 1, (41,4,40), 4, (41,4,42), 1, (41,5,51), 5, (41,5,52), 1, 
/* out0313_had-eta13-phi15*/	12, (33,4,41), 6, (33,4,42), 11, (33,4,46), 9, (33,4,47), 4, (40,4,52), 1, (40,5,61), 1, (40,5,62), 1, (40,5,50), 3, (40,5,51), 2, (41,4,40), 3, (41,4,41), 1, (41,4,42), 5, 
/* out0314_had-eta14-phi15*/	8, (33,4,44), 12, (33,4,45), 4, (33,4,46), 4, (33,4,47), 3, (40,4,52), 6, (40,5,51), 2, (41,4,41), 5, (41,4,42), 3, 
/* out0315_had-eta15-phi15*/	10, (33,3,30), 12, (33,3,31), 1, (33,3,32), 1, (33,3,33), 4, (33,4,44), 1, (40,4,52), 4, (40,4,40), 2, (41,3,30), 4, (41,3,32), 2, (41,4,41), 1, 
/* out0316_had-eta16-phi15*/	8, (33,3,31), 2, (33,3,32), 11, (33,3,36), 4, (40,3,41), 1, (40,4,40), 2, (40,4,41), 2, (41,3,30), 1, (41,3,32), 4, 
/* out0317_had-eta17-phi15*/	8, (33,3,34), 1, (33,3,35), 2, (33,3,36), 9, (33,3,37), 2, (40,3,41), 6, (40,4,41), 2, (41,3,31), 2, (41,3,32), 2, 
/* out0318_had-eta18-phi15*/	5, (33,2,20), 2, (33,3,34), 7, (33,3,35), 3, (40,3,41), 1, (41,3,31), 1, 
/* out0319_had-eta19-phi15*/	4, (33,2,20), 5, (33,2,21), 13, (33,2,22), 1, (33,2,23), 4, 
/* out0320_had-eta0-phi16*/	1, (43,3,60), 1, 
/* out0321_had-eta1-phi16*/	1, (43,3,60), 5, 
/* out0322_had-eta2-phi16*/	7, (33,10,110), 10, (33,10,111), 1, (33,9,110), 2, (33,10,120), 8, (33,10,121), 16, (43,2,60), 2, (43,3,60), 2, 
/* out0323_had-eta3-phi16*/	8, (33,9,100), 12, (33,9,101), 1, (33,10,111), 10, (33,8,100), 1, (33,9,110), 4, (33,9,111), 4, (33,9,112), 16, (43,2,60), 4, 
/* out0324_had-eta4-phi16*/	6, (33,8,90), 10, (33,9,101), 13, (33,8,100), 1, (33,8,102), 14, (43,1,60), 3, (43,2,60), 2, 
/* out0325_had-eta5-phi16*/	6, (33,7,80), 4, (33,8,90), 4, (33,8,91), 15, (33,8,92), 2, (33,7,92), 6, (43,1,60), 4, 
/* out0326_had-eta6-phi16*/	6, (33,7,80), 11, (33,7,81), 10, (33,7,82), 4, (33,7,92), 1, (43,0,60), 2, (43,1,60), 1, 
/* out0327_had-eta7-phi16*/	6, (33,6,70), 12, (33,6,72), 3, (33,7,81), 5, (33,7,82), 1, (33,6,82), 1, (43,0,60), 3, 
/* out0328_had-eta8-phi16*/	9, (33,5,60), 1, (33,6,70), 1, (33,6,71), 11, (33,6,72), 6, (40,6,82), 2, (40,7,80), 7, (41,6,70), 1, (41,6,71), 8, (43,0,60), 2, 
/* out0329_had-eta9-phi16*/	12, (33,5,60), 7, (33,5,62), 7, (40,6,82), 6, (40,6,70), 9, (40,7,80), 5, (41,5,60), 3, (41,5,62), 2, (41,6,70), 4, (41,6,71), 8, (41,6,60), 4, (41,6,61), 3, (43,0,60), 1, 
/* out0330_had-eta10-phi16*/	9, (33,4,53), 1, (33,5,50), 1, (33,5,61), 5, (33,5,62), 6, (40,6,70), 4, (40,6,71), 11, (41,5,62), 12, (41,5,50), 2, (41,6,61), 2, 
/* out0331_had-eta11-phi16*/	14, (33,4,52), 2, (33,4,53), 10, (33,4,58), 3, (33,4,59), 15, (33,4,510), 5, (33,5,51), 1, (40,5,72), 1, (40,5,60), 9, (40,6,71), 2, (41,4,52), 2, (41,5,61), 1, (41,5,62), 1, (41,5,50), 4, (41,5,51), 5, 
/* out0332_had-eta12-phi16*/	13, (33,4,40), 1, (33,4,41), 1, (33,4,55), 1, (33,4,58), 9, (33,4,59), 1, (33,4,510), 9, (33,4,511), 12, (40,5,60), 2, (40,5,61), 6, (40,5,62), 2, (41,4,52), 6, (41,4,40), 3, (41,5,51), 3, 
/* out0333_had-eta13-phi16*/	11, (33,4,41), 7, (33,4,47), 7, (33,3,43), 2, (33,3,49), 5, (33,4,55), 3, (33,4,511), 4, (40,4,50), 5, (40,5,61), 4, (41,4,52), 1, (41,4,40), 6, (41,4,41), 3, 
/* out0334_had-eta14-phi16*/	10, (33,4,44), 3, (33,4,47), 2, (33,3,48), 9, (33,3,49), 10, (33,3,410), 1, (40,4,50), 4, (40,4,51), 1, (40,4,52), 3, (41,3,42), 1, (41,4,41), 6, 
/* out0335_had-eta15-phi16*/	8, (33,3,30), 4, (33,3,31), 2, (33,3,48), 7, (33,3,411), 6, (40,4,51), 4, (40,4,52), 2, (41,3,42), 1, (41,3,30), 6, 
/* out0336_had-eta16-phi16*/	8, (33,3,31), 11, (33,3,37), 4, (33,3,411), 1, (40,3,40), 3, (40,3,41), 1, (40,4,51), 1, (41,3,30), 3, (41,3,31), 3, 
/* out0337_had-eta17-phi16*/	7, (33,2,38), 1, (33,2,39), 1, (33,3,34), 3, (33,3,37), 9, (40,3,40), 1, (40,3,41), 7, (41,3,31), 5, 
/* out0338_had-eta18-phi16*/	4, (33,2,20), 1, (33,2,38), 6, (33,3,34), 5, (41,3,31), 1, 
/* out0339_had-eta19-phi16*/	3, (33,2,20), 8, (33,2,21), 2, (33,2,38), 2, 
/* out0340_had-eta0-phi17*/	1, (43,3,70), 1, 
/* out0341_had-eta1-phi17*/	1, (43,3,70), 5, 
/* out0342_had-eta2-phi17*/	7, (33,9,110), 2, (33,10,120), 8, (33,9,120), 12, (33,9,121), 5, (33,9,122), 14, (43,2,70), 2, (43,3,70), 2, 
/* out0343_had-eta3-phi17*/	8, (33,8,100), 3, (33,9,110), 8, (33,9,111), 12, (33,8,110), 5, (33,8,112), 13, (33,9,121), 4, (33,9,122), 2, (43,2,70), 4, 
/* out0344_had-eta4-phi17*/	8, (33,8,100), 11, (33,8,101), 15, (33,8,102), 2, (33,7,102), 6, (33,8,111), 1, (33,8,112), 3, (43,1,70), 3, (43,2,70), 2, 
/* out0345_had-eta5-phi17*/	6, (33,7,90), 15, (33,7,91), 7, (33,7,92), 7, (33,8,101), 1, (33,7,102), 1, (43,1,70), 4, 
/* out0346_had-eta6-phi17*/	8, (33,7,80), 1, (33,7,81), 1, (33,6,80), 10, (33,6,82), 5, (33,7,91), 7, (33,7,92), 2, (43,0,70), 2, (43,1,70), 1, 
/* out0347_had-eta7-phi17*/	5, (33,6,70), 3, (33,5,70), 1, (33,6,81), 6, (33,6,82), 10, (43,0,70), 3, 
/* out0348_had-eta8-phi17*/	10, (33,5,60), 1, (33,6,71), 5, (33,5,70), 2, (33,5,72), 10, (40,6,80), 12, (40,6,82), 1, (41,5,70), 1, (41,5,72), 2, (41,6,70), 6, (43,0,70), 2, 
/* out0349_had-eta9-phi17*/	11, (33,5,60), 7, (33,5,61), 3, (33,4,62), 1, (33,5,72), 4, (40,6,80), 2, (40,6,81), 10, (40,6,82), 7, (41,5,72), 6, (41,5,60), 8, (41,6,70), 5, (43,0,70), 1, 
/* out0350_had-eta10-phi17*/	10, (33,4,50), 5, (33,5,61), 8, (33,4,62), 3, (40,5,70), 7, (40,5,72), 7, (40,6,81), 1, (40,6,71), 1, (41,5,60), 4, (41,5,61), 11, (41,5,62), 1, 
/* out0351_had-eta11-phi17*/	12, (33,4,50), 11, (33,4,51), 9, (33,4,52), 14, (33,4,53), 5, (33,4,56), 1, (33,4,57), 1, (40,5,71), 3, (40,5,72), 8, (40,5,60), 2, (41,4,50), 9, (41,4,52), 1, (41,5,61), 3, 
/* out0352_had-eta12-phi17*/	12, (33,4,54), 6, (33,4,55), 7, (33,4,56), 15, (33,4,57), 4, (33,4,510), 2, (40,4,60), 1, (40,4,62), 4, (40,5,60), 1, (40,5,61), 4, (41,4,50), 2, (41,4,51), 4, (41,4,52), 5, 
/* out0353_had-eta13-phi17*/	12, (33,3,40), 6, (33,3,42), 1, (33,3,43), 13, (33,4,54), 4, (33,4,55), 5, (40,4,62), 6, (40,4,50), 3, (40,5,61), 1, (41,3,40), 3, (41,3,42), 1, (41,4,51), 3, (41,4,52), 1, 
/* out0354_had-eta14-phi17*/	9, (33,3,42), 9, (33,3,43), 1, (33,3,46), 2, (33,3,49), 1, (33,3,410), 10, (40,4,50), 4, (40,4,51), 3, (41,3,40), 1, (41,3,42), 7, 
/* out0355_had-eta15-phi17*/	7, (33,3,45), 4, (33,3,46), 5, (33,3,410), 5, (33,3,411), 6, (40,4,51), 6, (41,3,42), 5, (41,3,30), 1, 
/* out0356_had-eta16-phi17*/	10, (33,2,33), 5, (33,2,39), 2, (33,3,37), 1, (33,3,45), 6, (33,3,411), 3, (40,3,40), 4, (40,4,51), 1, (41,2,32), 2, (41,3,30), 1, (41,3,31), 2, 
/* out0357_had-eta17-phi17*/	6, (33,2,33), 2, (33,2,39), 11, (33,2,310), 1, (40,3,40), 4, (41,2,32), 4, (41,3,31), 2, 
/* out0358_had-eta18-phi17*/	5, (33,2,38), 5, (33,2,39), 2, (33,2,310), 3, (33,2,311), 2, (41,2,32), 1, 
/* out0359_had-eta19-phi17*/	3, (33,2,21), 1, (33,2,38), 2, (33,2,311), 7, 
/* out0360_had-eta0-phi18*/	1, (43,3,70), 1, 
/* out0361_had-eta1-phi18*/	1, (43,3,70), 5, 
/* out0362_had-eta2-phi18*/	8, (33,9,120), 4, (33,9,121), 6, (33,8,120), 11, (33,8,121), 1, (33,8,122), 8, (33,8,131), 1, (43,2,70), 2, (43,3,70), 2, 
/* out0363_had-eta3-phi18*/	8, (33,8,110), 11, (33,8,111), 11, (33,9,121), 1, (33,7,110), 2, (33,7,112), 6, (33,8,121), 5, (33,8,122), 8, (43,2,70), 4, 
/* out0364_had-eta4-phi18*/	7, (33,7,100), 16, (33,7,101), 7, (33,7,102), 5, (33,8,111), 4, (33,7,112), 6, (43,1,70), 3, (43,2,70), 2, 
/* out0365_had-eta5-phi18*/	7, (33,7,90), 1, (33,7,91), 2, (33,6,90), 10, (33,6,92), 6, (33,7,101), 8, (33,7,102), 4, (43,1,70), 4, 
/* out0366_had-eta6-phi18*/	8, (33,6,80), 6, (33,6,81), 2, (33,5,80), 2, (33,5,82), 1, (33,6,91), 5, (33,6,92), 10, (43,0,70), 2, (43,1,70), 1, 
/* out0367_had-eta7-phi18*/	4, (33,5,70), 4, (33,6,81), 8, (33,5,82), 9, (43,0,70), 3, 
/* out0368_had-eta8-phi18*/	8, (33,5,70), 9, (33,5,71), 7, (33,5,72), 2, (40,5,80), 2, (40,6,80), 2, (41,5,70), 12, (41,5,72), 1, (43,0,70), 2, 
/* out0369_had-eta9-phi18*/	10, (33,4,60), 7, (33,4,62), 1, (33,5,71), 7, (40,5,80), 2, (40,5,82), 10, (40,6,81), 5, (41,5,70), 2, (41,5,71), 11, (41,5,72), 7, (43,0,70), 1, 
/* out0370_had-eta10-phi18*/	10, (33,4,60), 3, (33,4,61), 2, (33,4,62), 8, (40,5,70), 9, (40,5,71), 3, (40,5,82), 3, (41,4,60), 6, (41,4,62), 8, (41,5,60), 1, (41,5,61), 1, 
/* out0371_had-eta11-phi18*/	12, (33,3,53), 4, (33,3,59), 2, (33,4,51), 7, (33,4,57), 4, (33,4,61), 2, (33,4,62), 3, (40,4,60), 2, (40,4,72), 1, (40,5,71), 10, (41,4,61), 1, (41,4,62), 8, (41,4,50), 4, 
/* out0372_had-eta12-phi18*/	9, (33,3,58), 8, (33,3,59), 13, (33,4,54), 5, (33,4,57), 7, (40,4,60), 9, (40,4,62), 1, (41,3,52), 3, (41,4,50), 1, (41,4,51), 7, 
/* out0373_had-eta13-phi18*/	10, (33,3,40), 10, (33,3,41), 6, (33,3,58), 8, (33,3,511), 3, (33,4,54), 1, (40,4,61), 5, (40,4,62), 4, (41,3,52), 2, (41,3,40), 6, (41,4,51), 2, 
/* out0374_had-eta14-phi18*/	11, (33,3,41), 7, (33,3,42), 6, (33,3,46), 5, (33,3,47), 5, (40,3,50), 3, (40,3,52), 2, (40,4,61), 2, (40,4,62), 1, (41,3,40), 4, (41,3,41), 3, (41,3,42), 1, 
/* out0375_had-eta15-phi18*/	6, (33,3,44), 9, (33,3,45), 4, (33,3,46), 4, (33,3,47), 3, (40,3,52), 6, (41,3,41), 6, 
/* out0376_had-eta16-phi18*/	8, (33,2,30), 6, (33,2,33), 6, (33,3,44), 3, (33,3,45), 2, (40,3,52), 4, (40,3,40), 1, (41,2,30), 4, (41,2,32), 1, 
/* out0377_had-eta17-phi18*/	6, (33,2,32), 9, (33,2,33), 3, (33,2,310), 2, (40,3,40), 3, (41,2,30), 1, (41,2,32), 5, 
/* out0378_had-eta18-phi18*/	5, (33,2,32), 1, (33,2,36), 3, (33,2,310), 8, (33,2,311), 3, (41,2,32), 3, 
/* out0379_had-eta19-phi18*/	4, (33,2,35), 3, (33,2,36), 2, (33,2,310), 2, (33,2,311), 4, 
/* out0380_had-eta0-phi19*/	1, (43,3,80), 1, 
/* out0381_had-eta1-phi19*/	1, (43,3,80), 5, 
/* out0382_had-eta2-phi19*/	8, (33,7,120), 10, (33,7,122), 3, (33,8,120), 5, (33,8,121), 4, (33,8,130), 16, (33,8,131), 15, (43,2,80), 2, (43,3,80), 2, 
/* out0383_had-eta3-phi19*/	9, (33,6,110), 1, (33,6,112), 2, (33,7,110), 14, (33,7,111), 5, (33,7,112), 1, (33,7,121), 4, (33,7,122), 13, (33,8,121), 6, (43,2,80), 4, 
/* out0384_had-eta4-phi19*/	9, (33,7,101), 1, (33,6,100), 14, (33,6,101), 1, (33,6,102), 5, (33,6,112), 4, (33,7,111), 11, (33,7,112), 3, (43,1,80), 3, (43,2,80), 2, 
/* out0385_had-eta5-phi19*/	7, (33,6,90), 6, (33,6,91), 3, (33,5,90), 3, (33,5,92), 2, (33,6,101), 7, (33,6,102), 11, (43,1,80), 4, 
/* out0386_had-eta6-phi19*/	5, (33,5,80), 9, (33,6,91), 8, (33,5,92), 9, (43,0,80), 2, (43,1,80), 1, 
/* out0387_had-eta7-phi19*/	4, (33,5,80), 5, (33,5,81), 11, (33,5,82), 5, (43,0,80), 3, 
/* out0388_had-eta8-phi19*/	11, (33,5,71), 2, (33,4,70), 7, (33,4,72), 6, (33,5,81), 2, (33,5,82), 1, (40,5,80), 4, (41,4,70), 3, (41,4,72), 1, (41,5,70), 1, (41,5,71), 1, (43,0,80), 2, 
/* out0389_had-eta9-phi19*/	10, (33,4,60), 4, (33,4,72), 10, (40,5,80), 8, (40,5,81), 9, (40,5,82), 2, (41,4,60), 1, (41,4,70), 3, (41,4,72), 12, (41,5,71), 4, (43,0,80), 1, 
/* out0390_had-eta10-phi19*/	10, (33,4,60), 2, (33,4,61), 8, (33,3,62), 1, (40,4,70), 7, (40,4,72), 2, (40,5,81), 6, (40,5,82), 1, (41,4,60), 9, (41,4,61), 6, (41,4,72), 2, 
/* out0391_had-eta11-phi19*/	10, (33,3,50), 13, (33,3,51), 1, (33,3,52), 1, (33,3,53), 10, (33,4,61), 4, (40,4,70), 1, (40,4,71), 1, (40,4,72), 11, (41,3,50), 4, (41,4,61), 9, 
/* out0392_had-eta12-phi19*/	13, (33,3,52), 13, (33,3,53), 2, (33,3,56), 6, (33,3,59), 1, (33,3,510), 13, (40,4,60), 4, (40,4,61), 3, (40,4,71), 1, (40,4,72), 2, (40,3,62), 1, (41,3,50), 6, (41,3,51), 1, (41,3,52), 5, 
/* out0393_had-eta13-phi19*/	9, (33,3,55), 9, (33,3,56), 3, (33,3,510), 3, (33,3,511), 12, (40,4,61), 6, (40,3,62), 2, (41,3,51), 2, (41,3,52), 6, (41,3,40), 1, 
/* out0394_had-eta14-phi19*/	10, (33,3,41), 3, (33,3,47), 7, (33,3,55), 1, (33,3,511), 1, (33,2,43), 3, (33,2,49), 8, (40,3,50), 7, (41,2,42), 2, (41,3,40), 1, (41,3,41), 4, 
/* out0395_had-eta15-phi19*/	10, (33,3,44), 4, (33,3,47), 1, (33,2,48), 9, (33,2,49), 3, (40,3,50), 2, (40,3,51), 2, (40,3,52), 2, (41,2,42), 2, (41,2,30), 1, (41,3,41), 3, 
/* out0396_had-eta16-phi19*/	6, (33,2,30), 10, (33,2,31), 2, (33,2,48), 4, (40,3,51), 4, (40,3,52), 2, (41,2,30), 5, 
/* out0397_had-eta17-phi19*/	6, (33,2,31), 6, (33,2,32), 6, (33,2,36), 1, (40,3,51), 1, (41,2,30), 2, (41,2,31), 3, 
/* out0398_had-eta18-phi19*/	4, (33,2,35), 7, (33,2,36), 9, (33,2,37), 2, (41,2,31), 3, 
/* out0399_had-eta19-phi19*/	3, (33,2,34), 3, (33,2,35), 6, (33,2,36), 1, 
/* out0400_had-eta0-phi20*/	1, (43,3,80), 1, 
/* out0401_had-eta1-phi20*/	1, (43,3,80), 5, 
/* out0402_had-eta2-phi20*/	6, (33,7,120), 6, (33,7,121), 2, (33,6,120), 6, (33,6,122), 2, (43,2,80), 2, (43,3,80), 2, 
/* out0403_had-eta3-phi20*/	7, (33,6,110), 15, (33,6,111), 3, (33,6,112), 2, (33,7,121), 10, (33,6,120), 1, (33,6,122), 14, (43,2,80), 4, 
/* out0404_had-eta4-phi20*/	8, (33,6,100), 2, (33,6,101), 3, (33,6,111), 13, (33,6,112), 8, (33,5,100), 8, (33,5,102), 3, (43,1,80), 3, (43,2,80), 2, 
/* out0405_had-eta5-phi20*/	5, (33,5,90), 12, (33,5,91), 1, (33,6,101), 5, (33,5,102), 13, (43,1,80), 4, 
/* out0406_had-eta6-phi20*/	6, (33,5,90), 1, (33,5,91), 15, (33,5,92), 5, (33,4,80), 3, (43,0,80), 2, (43,1,80), 1, 
/* out0407_had-eta7-phi20*/	4, (33,5,81), 3, (33,4,80), 4, (33,4,82), 13, (43,0,80), 3, 
/* out0408_had-eta8-phi20*/	6, (33,4,70), 9, (33,4,71), 5, (33,4,82), 3, (40,4,80), 1, (41,4,70), 2, (43,0,80), 2, 
/* out0409_had-eta9-phi20*/	9, (33,4,71), 11, (33,3,60), 3, (40,5,81), 1, (40,4,80), 7, (40,4,82), 9, (41,4,70), 8, (41,4,71), 13, (41,4,72), 1, (43,0,80), 1, 
/* out0410_had-eta10-phi20*/	8, (33,3,60), 4, (33,3,62), 8, (40,4,70), 7, (40,4,71), 1, (40,4,82), 7, (41,3,60), 8, (41,3,62), 5, (41,4,71), 3, 
/* out0411_had-eta11-phi20*/	7, (33,3,50), 3, (33,3,51), 9, (33,3,62), 7, (40,4,70), 1, (40,4,71), 11, (41,3,62), 11, (41,3,50), 2, 
/* out0412_had-eta12-phi20*/	10, (33,3,51), 6, (33,3,52), 2, (33,3,54), 3, (33,3,56), 6, (33,3,57), 16, (40,4,71), 2, (40,3,60), 7, (40,3,62), 1, (41,3,50), 4, (41,3,51), 6, 
/* out0413_had-eta13-phi20*/	9, (33,3,54), 13, (33,3,55), 6, (33,3,56), 1, (33,2,40), 6, (33,2,43), 1, (40,3,60), 1, (40,3,62), 8, (41,2,40), 2, (41,3,51), 7, 
/* out0414_had-eta14-phi20*/	9, (33,2,40), 1, (33,2,42), 7, (33,2,43), 12, (33,2,49), 2, (33,2,410), 2, (40,3,50), 3, (40,3,62), 4, (41,2,40), 5, (41,2,42), 3, 
/* out0415_had-eta15-phi20*/	7, (33,2,48), 1, (33,2,49), 3, (33,2,410), 13, (33,2,411), 2, (40,3,50), 1, (40,3,51), 5, (41,2,42), 7, 
/* out0416_had-eta16-phi20*/	7, (33,2,31), 2, (33,2,48), 2, (33,2,411), 13, (40,3,51), 4, (41,2,42), 2, (41,2,30), 3, (41,2,31), 1, 
/* out0417_had-eta17-phi20*/	3, (33,2,31), 6, (33,2,37), 7, (41,2,31), 5, 
/* out0418_had-eta18-phi20*/	3, (33,2,34), 4, (33,2,37), 7, (41,2,31), 4, 
/* out0419_had-eta19-phi20*/	1, (33,2,34), 9, 
/* out0420_had-eta0-phi21*/	1, (43,3,90), 1, 
/* out0421_had-eta1-phi21*/	1, (43,3,90), 5, 
/* out0422_had-eta2-phi21*/	6, (33,5,120), 6, (33,5,122), 2, (33,6,120), 7, (33,6,121), 2, (43,2,90), 2, (43,3,90), 2, 
/* out0423_had-eta3-phi21*/	7, (33,5,110), 15, (33,5,111), 2, (33,5,112), 3, (33,5,122), 10, (33,6,120), 2, (33,6,121), 14, (43,2,90), 4, 
/* out0424_had-eta4-phi21*/	8, (33,5,100), 8, (33,5,101), 3, (33,5,111), 8, (33,5,112), 13, (33,4,100), 2, (33,4,102), 3, (43,1,90), 3, (43,2,90), 2, 
/* out0425_had-eta5-phi21*/	5, (33,5,101), 13, (33,4,90), 12, (33,4,92), 1, (33,4,102), 5, (43,1,90), 4, 
/* out0426_had-eta6-phi21*/	6, (33,4,80), 4, (33,4,90), 1, (33,4,91), 5, (33,4,92), 15, (43,0,90), 2, (43,1,90), 1, 
/* out0427_had-eta7-phi21*/	4, (33,4,80), 5, (33,4,81), 13, (33,3,82), 3, (43,0,90), 3, 
/* out0428_had-eta8-phi21*/	6, (33,4,81), 3, (33,3,70), 9, (33,3,72), 5, (40,4,80), 1, (41,3,70), 2, (43,0,90), 2, 
/* out0429_had-eta9-phi21*/	9, (33,3,60), 4, (33,3,72), 11, (40,3,82), 1, (40,4,80), 7, (40,4,81), 9, (41,3,70), 8, (41,3,71), 1, (41,3,72), 13, (43,0,90), 1, 
/* out0430_had-eta10-phi21*/	8, (33,3,60), 5, (33,3,61), 7, (40,3,70), 7, (40,3,72), 1, (40,4,81), 7, (41,3,60), 8, (41,3,61), 5, (41,3,72), 3, 
/* out0431_had-eta11-phi21*/	7, (33,2,50), 3, (33,2,53), 9, (33,3,61), 7, (40,3,70), 1, (40,3,72), 11, (41,2,50), 2, (41,3,61), 11, 
/* out0432_had-eta12-phi21*/	10, (33,2,52), 2, (33,2,53), 6, (33,2,58), 3, (33,2,59), 16, (33,2,510), 6, (40,3,60), 7, (40,3,61), 1, (40,3,72), 2, (41,2,50), 4, (41,2,52), 6, 
/* out0433_had-eta13-phi21*/	9, (33,2,40), 7, (33,2,41), 1, (33,2,58), 13, (33,2,510), 1, (33,2,511), 6, (40,3,60), 1, (40,3,61), 8, (41,2,40), 3, (41,2,52), 7, 
/* out0434_had-eta14-phi21*/	9, (33,2,40), 2, (33,2,41), 11, (33,2,42), 8, (33,2,46), 2, (33,2,47), 1, (40,2,50), 3, (40,3,61), 3, (41,2,40), 5, (41,2,41), 2, 
/* out0435_had-eta15-phi21*/	9, (33,2,42), 1, (33,2,44), 1, (33,2,45), 2, (33,2,46), 14, (33,2,47), 2, (33,2,410), 1, (40,2,50), 1, (40,2,52), 5, (41,2,41), 6, 
/* out0436_had-eta16-phi21*/	7, (33,2,45), 13, (33,2,411), 1, (33,1,33), 2, (40,2,52), 4, (41,1,30), 3, (41,1,32), 1, (41,2,41), 2, 
/* out0437_had-eta17-phi21*/	4, (33,2,45), 1, (33,1,33), 6, (33,1,39), 7, (41,1,32), 5, 
/* out0438_had-eta18-phi21*/	3, (33,1,38), 4, (33,1,39), 7, (41,1,32), 4, 
/* out0439_had-eta19-phi21*/	1, (33,1,38), 9, 
/* out0440_had-eta0-phi22*/	1, (43,3,90), 1, 
/* out0441_had-eta1-phi22*/	1, (43,3,90), 5, 
/* out0442_had-eta2-phi22*/	8, (33,5,120), 10, (33,5,121), 3, (33,5,130), 15, (33,5,131), 16, (33,4,120), 5, (33,4,122), 4, (43,2,90), 2, (43,3,90), 2, 
/* out0443_had-eta3-phi22*/	9, (33,5,110), 1, (33,5,111), 2, (33,5,121), 13, (33,5,122), 4, (33,4,110), 14, (33,4,111), 1, (33,4,112), 5, (33,4,122), 6, (43,2,90), 4, 
/* out0444_had-eta4-phi22*/	9, (33,5,111), 4, (33,4,100), 14, (33,4,101), 5, (33,4,102), 1, (33,4,111), 3, (33,4,112), 11, (33,3,102), 1, (43,1,90), 3, (43,2,90), 2, 
/* out0445_had-eta5-phi22*/	7, (33,4,90), 3, (33,4,91), 2, (33,4,101), 11, (33,4,102), 7, (33,3,90), 6, (33,3,92), 3, (43,1,90), 4, 
/* out0446_had-eta6-phi22*/	5, (33,4,91), 9, (33,3,80), 9, (33,3,92), 8, (43,0,90), 2, (43,1,90), 1, 
/* out0447_had-eta7-phi22*/	4, (33,3,80), 5, (33,3,81), 5, (33,3,82), 11, (43,0,90), 3, 
/* out0448_had-eta8-phi22*/	11, (33,2,72), 2, (33,3,70), 7, (33,3,71), 6, (33,3,81), 1, (33,3,82), 2, (40,3,80), 4, (41,2,70), 1, (41,2,72), 1, (41,3,70), 3, (41,3,71), 1, (43,0,90), 2, 
/* out0449_had-eta9-phi22*/	10, (33,2,60), 4, (33,3,71), 10, (40,3,80), 8, (40,3,81), 2, (40,3,82), 9, (41,2,60), 1, (41,2,72), 4, (41,3,70), 3, (41,3,71), 12, (43,0,90), 1, 
/* out0450_had-eta10-phi22*/	10, (33,2,60), 2, (33,2,62), 8, (33,3,61), 1, (40,3,70), 7, (40,3,71), 2, (40,3,81), 1, (40,3,82), 6, (41,2,60), 9, (41,2,62), 6, (41,3,71), 2, 
/* out0451_had-eta11-phi22*/	11, (33,2,50), 13, (33,2,51), 10, (33,2,52), 1, (33,2,53), 1, (33,2,62), 4, (33,3,61), 1, (40,3,70), 1, (40,3,71), 11, (40,3,72), 1, (41,2,50), 4, (41,2,62), 9, 
/* out0452_had-eta12-phi22*/	13, (33,2,51), 2, (33,2,52), 13, (33,2,56), 13, (33,2,57), 1, (33,2,510), 6, (40,2,60), 4, (40,2,62), 3, (40,3,61), 1, (40,3,71), 2, (40,3,72), 1, (41,2,50), 6, (41,2,51), 5, (41,2,52), 1, 
/* out0453_had-eta13-phi22*/	9, (33,2,55), 12, (33,2,56), 3, (33,2,510), 3, (33,2,511), 9, (40,2,62), 6, (40,3,61), 3, (41,1,40), 1, (41,2,51), 6, (41,2,52), 2, 
/* out0454_had-eta14-phi22*/	11, (33,2,41), 4, (33,2,47), 9, (33,2,55), 1, (33,2,511), 1, (33,1,43), 3, (33,1,49), 7, (40,2,50), 7, (41,1,40), 1, (41,1,42), 4, (41,2,40), 1, (41,2,41), 3, 
/* out0455_had-eta15-phi22*/	10, (33,2,44), 10, (33,2,47), 4, (33,1,48), 4, (33,1,49), 1, (40,2,50), 2, (40,2,51), 2, (40,2,52), 2, (41,1,30), 1, (41,1,42), 3, (41,2,41), 3, 
/* out0456_had-eta16-phi22*/	6, (33,2,44), 5, (33,1,30), 10, (33,1,33), 2, (40,2,51), 2, (40,2,52), 4, (41,1,30), 5, 
/* out0457_had-eta17-phi22*/	6, (33,1,32), 6, (33,1,33), 6, (33,1,310), 1, (40,2,52), 1, (41,1,30), 2, (41,1,32), 3, 
/* out0458_had-eta18-phi22*/	4, (33,1,39), 2, (33,1,310), 9, (33,1,311), 7, (41,1,32), 3, 
/* out0459_had-eta19-phi22*/	3, (33,1,38), 3, (33,1,310), 1, (33,1,311), 6, 
/* out0460_had-eta0-phi23*/	1, (43,3,100), 1, 
/* out0461_had-eta1-phi23*/	1, (43,3,100), 5, 
/* out0462_had-eta2-phi23*/	8, (33,5,130), 1, (33,4,120), 11, (33,4,121), 8, (33,4,122), 1, (33,3,120), 4, (33,3,122), 6, (43,2,100), 2, (43,3,100), 2, 
/* out0463_had-eta3-phi23*/	8, (33,4,110), 2, (33,4,111), 6, (33,4,121), 8, (33,4,122), 5, (33,3,110), 11, (33,3,112), 11, (33,3,122), 1, (43,2,100), 4, 
/* out0464_had-eta4-phi23*/	7, (33,4,111), 6, (33,3,100), 16, (33,3,101), 5, (33,3,102), 7, (33,3,112), 4, (43,1,100), 3, (43,2,100), 2, 
/* out0465_had-eta5-phi23*/	7, (33,2,90), 1, (33,2,92), 2, (33,3,90), 10, (33,3,91), 6, (33,3,101), 4, (33,3,102), 8, (43,1,100), 4, 
/* out0466_had-eta6-phi23*/	8, (33,2,80), 6, (33,2,82), 2, (33,3,80), 2, (33,3,81), 1, (33,3,91), 10, (33,3,92), 5, (43,0,100), 2, (43,1,100), 1, 
/* out0467_had-eta7-phi23*/	4, (33,2,70), 4, (33,2,82), 8, (33,3,81), 9, (43,0,100), 3, 
/* out0468_had-eta8-phi23*/	8, (33,2,70), 9, (33,2,71), 2, (33,2,72), 7, (40,2,80), 2, (40,3,80), 2, (41,2,70), 12, (41,2,71), 1, (43,0,100), 2, 
/* out0469_had-eta9-phi23*/	10, (33,2,60), 7, (33,2,61), 1, (33,2,72), 7, (40,2,82), 5, (40,3,80), 2, (40,3,81), 10, (41,2,70), 2, (41,2,71), 7, (41,2,72), 11, (43,0,100), 1, 
/* out0470_had-eta10-phi23*/	10, (33,2,60), 3, (33,2,61), 8, (33,2,62), 2, (40,2,70), 9, (40,2,72), 3, (40,3,81), 3, (41,1,60), 1, (41,1,62), 1, (41,2,60), 6, (41,2,61), 8, 
/* out0471_had-eta11-phi23*/	12, (33,2,51), 4, (33,2,57), 2, (33,1,53), 7, (33,1,59), 4, (33,2,61), 3, (33,2,62), 2, (40,2,60), 2, (40,2,72), 10, (40,3,71), 1, (41,1,50), 4, (41,2,61), 8, (41,2,62), 1, 
/* out0472_had-eta12-phi23*/	9, (33,2,54), 8, (33,2,57), 13, (33,1,58), 5, (33,1,59), 7, (40,2,60), 9, (40,2,61), 1, (41,1,50), 1, (41,1,52), 7, (41,2,51), 3, 
/* out0473_had-eta13-phi23*/	10, (33,2,54), 8, (33,2,55), 3, (33,1,40), 10, (33,1,43), 6, (33,1,58), 1, (40,2,61), 4, (40,2,62), 5, (41,1,40), 6, (41,1,52), 2, (41,2,51), 2, 
/* out0474_had-eta14-phi23*/	11, (33,1,42), 6, (33,1,43), 7, (33,1,49), 5, (33,1,410), 5, (40,2,50), 3, (40,2,51), 2, (40,2,61), 1, (40,2,62), 2, (41,1,40), 4, (41,1,41), 1, (41,1,42), 3, 
/* out0475_had-eta15-phi23*/	6, (33,1,48), 9, (33,1,49), 3, (33,1,410), 4, (33,1,411), 4, (40,2,51), 6, (41,1,42), 6, 
/* out0476_had-eta16-phi23*/	8, (33,1,30), 6, (33,1,31), 6, (33,1,48), 3, (33,1,411), 2, (40,1,40), 1, (40,2,51), 4, (41,1,30), 4, (41,1,31), 1, 
/* out0477_had-eta17-phi23*/	6, (33,1,31), 3, (33,1,32), 9, (33,1,36), 2, (40,1,40), 3, (41,1,30), 1, (41,1,31), 5, 
/* out0478_had-eta18-phi23*/	5, (33,1,32), 1, (33,1,35), 3, (33,1,36), 8, (33,1,310), 3, (41,1,31), 3, 
/* out0479_had-eta19-phi23*/	4, (33,1,35), 4, (33,1,36), 2, (33,1,310), 2, (33,1,311), 3, 
