parameter integer matrixH [0:3482] = {
/* num inputs = 0(in0-in-1) */
/* num outputs = 480(out0-out479) */
//* max inputs per outputs = 6 */
//* total number of input in adders 1000 */

/* out0000_em-eta0-phi0*/	1, (40,Sc,3,0,0),16,
/* out0001_em-eta1-phi0*/	1, (40,Sc,3,0,1),15,
/* out0002_em-eta2-phi0*/	3, (40,Sc,2,0,0),16,(40,Sc,2,0,1),1,(40,Sc,3,0,1),1,
/* out0003_em-eta3-phi0*/	2, (40,Sc,1,0,0),2,(40,Sc,2,0,1),15,
/* out0004_em-eta4-phi0*/	2, (40,Sc,1,0,0),14,(40,Sc,1,0,1),4,
/* out0005_em-eta5-phi0*/	2, (40,Sc,0,0,0),5,(40,Sc,1,0,1),12,
/* out0006_em-eta6-phi0*/	2, (40,Sc,0,0,0),11,(40,Sc,0,0,1),6,
/* out0007_em-eta7-phi0*/	2, (40,Sc,0,0,1),10,(40,Sc,0,0,2),7,
/* out0008_em-eta8-phi0*/	3, (40,Si,7,1,0),1,(40,Si,7,1,1),7,(40,Sc,0,0,2),9,
/* out0009_em-eta9-phi0*/	3, (40,Si,7,1,0),7,(40,Si,7,1,1),5,(40,Si,7,1,2),6,
/* out0010_em-eta10-phi0*/	4, (40,Si,6,1,0),9,(40,Si,6,1,1),8,(40,Si,7,1,0),8,(40,Si,7,1,2),5,
/* out0011_em-eta11-phi0*/	3, (40,Si,6,1,0),6,(40,Si,6,1,1),2,(40,Si,6,1,2),5,
/* out0012_em-eta12-phi0*/	4, (40,Si,5,1,0),8,(40,Si,5,1,1),6,(40,Si,6,1,0),1,(40,Si,6,1,2),4,
/* out0013_em-eta13-phi0*/	3, (40,Si,5,1,0),6,(40,Si,5,1,1),2,(40,Si,5,1,2),1,
/* out0014_em-eta14-phi0*/	4, (40,Si,4,1,0),1,(40,Si,4,1,1),1,(40,Si,5,1,0),2,(40,Si,5,1,2),5,
/* out0015_em-eta15-phi0*/	2, (40,Si,4,1,0),3,(40,Si,4,1,1),4,
/* out0016_em-eta16-phi0*/	2, (40,Si,4,1,0),5,(40,Si,4,1,2),1,
/* out0017_em-eta17-phi0*/	2, (40,Si,4,1,0),2,(40,Si,4,1,2),3,
/* out0018_em-eta18-phi0*/	1, (40,Si,4,1,0),5,
/* out0019_em-eta19-phi0*/	0, 
/* out0020_em-eta0-phi1*/	1, (40,Sc,3,0,3),16,
/* out0021_em-eta1-phi1*/	1, (40,Sc,3,0,2),15,
/* out0022_em-eta2-phi1*/	3, (40,Sc,2,0,2),1,(40,Sc,2,0,3),16,(40,Sc,3,0,2),1,
/* out0023_em-eta3-phi1*/	2, (40,Sc,1,0,3),2,(40,Sc,2,0,2),15,
/* out0024_em-eta4-phi1*/	2, (40,Sc,1,0,2),4,(40,Sc,1,0,3),14,
/* out0025_em-eta5-phi1*/	2, (40,Sc,0,0,5),5,(40,Sc,1,0,2),12,
/* out0026_em-eta6-phi1*/	2, (40,Sc,0,0,4),6,(40,Sc,0,0,5),11,
/* out0027_em-eta7-phi1*/	2, (40,Sc,0,0,3),7,(40,Sc,0,0,4),10,
/* out0028_em-eta8-phi1*/	4, (40,Si,8,2,1),1,(40,Si,8,2,2),11,(40,Si,7,1,1),1,(40,Sc,0,0,3),9,
/* out0029_em-eta9-phi1*/	6, (40,Si,7,2,0),5,(40,Si,7,2,1),3,(40,Si,8,2,1),3,(40,Si,8,2,2),2,(40,Si,7,1,1),3,(40,Si,7,1,2),4,
/* out0030_em-eta10-phi1*/	3, (40,Si,7,2,0),10,(40,Si,6,1,1),4,(40,Si,7,1,2),1,
/* out0031_em-eta11-phi1*/	5, (40,Si,6,2,0),3,(40,Si,6,2,1),1,(40,Si,7,2,2),1,(40,Si,6,1,1),2,(40,Si,6,1,2),6,
/* out0032_em-eta12-phi1*/	3, (40,Si,6,2,0),5,(40,Si,5,1,1),4,(40,Si,6,1,2),1,
/* out0033_em-eta13-phi1*/	2, (40,Si,5,1,1),4,(40,Si,5,1,2),5,
/* out0034_em-eta14-phi1*/	3, (40,Si,5,2,0),2,(40,Si,4,1,1),1,(40,Si,5,1,2),5,
/* out0035_em-eta15-phi1*/	1, (40,Si,4,1,1),6,
/* out0036_em-eta16-phi1*/	2, (40,Si,4,1,1),1,(40,Si,4,1,2),4,
/* out0037_em-eta17-phi1*/	1, (40,Si,4,1,2),4,
/* out0038_em-eta18-phi1*/	0, 
/* out0039_em-eta19-phi1*/	0, 
/* out0040_em-eta0-phi2*/	1, (40,Sc,3,1,0),16,
/* out0041_em-eta1-phi2*/	1, (40,Sc,3,1,1),15,
/* out0042_em-eta2-phi2*/	3, (40,Sc,2,1,0),16,(40,Sc,2,1,1),1,(40,Sc,3,1,1),1,
/* out0043_em-eta3-phi2*/	2, (40,Sc,1,1,0),2,(40,Sc,2,1,1),15,
/* out0044_em-eta4-phi2*/	2, (40,Sc,1,1,0),14,(40,Sc,1,1,1),4,
/* out0045_em-eta5-phi2*/	2, (40,Sc,0,1,0),5,(40,Sc,1,1,1),12,
/* out0046_em-eta6-phi2*/	2, (40,Sc,0,1,0),11,(40,Sc,0,1,1),6,
/* out0047_em-eta7-phi2*/	2, (40,Sc,0,1,1),10,(40,Sc,0,1,2),7,
/* out0048_em-eta8-phi2*/	5, (40,Si,8,3,0),1,(40,Si,8,3,2),5,(40,Si,8,2,1),9,(40,Si,8,2,2),3,(40,Sc,0,1,2),9,
/* out0049_em-eta9-phi2*/	3, (40,Si,8,3,2),5,(40,Si,7,2,1),12,(40,Si,8,2,1),3,
/* out0050_em-eta10-phi2*/	3, (40,Si,7,2,0),1,(40,Si,7,2,1),1,(40,Si,7,2,2),13,
/* out0051_em-eta11-phi2*/	3, (40,Si,6,2,0),2,(40,Si,6,2,1),10,(40,Si,7,2,2),1,
/* out0052_em-eta12-phi2*/	2, (40,Si,6,2,0),5,(40,Si,6,2,2),5,
/* out0053_em-eta13-phi2*/	4, (40,Si,5,2,0),2,(40,Si,5,2,1),4,(40,Si,6,2,0),1,(40,Si,6,2,2),2,
/* out0054_em-eta14-phi2*/	1, (40,Si,5,2,0),7,
/* out0055_em-eta15-phi2*/	3, (40,Si,5,2,0),4,(40,Si,5,2,2),1,(40,Si,4,1,1),2,
/* out0056_em-eta16-phi2*/	3, (40,Si,4,2,1),2,(40,Si,4,1,1),1,(40,Si,4,1,2),3,
/* out0057_em-eta17-phi2*/	3, (40,Si,4,2,0),1,(40,Si,4,2,1),2,(40,Si,4,1,2),1,
/* out0058_em-eta18-phi2*/	0, 
/* out0059_em-eta19-phi2*/	0, 
/* out0060_em-eta0-phi3*/	1, (40,Sc,3,1,3),16,
/* out0061_em-eta1-phi3*/	1, (40,Sc,3,1,2),15,
/* out0062_em-eta2-phi3*/	3, (40,Sc,2,1,2),1,(40,Sc,2,1,3),16,(40,Sc,3,1,2),1,
/* out0063_em-eta3-phi3*/	2, (40,Sc,1,1,3),2,(40,Sc,2,1,2),15,
/* out0064_em-eta4-phi3*/	2, (40,Sc,1,1,2),4,(40,Sc,1,1,3),14,
/* out0065_em-eta5-phi3*/	2, (40,Sc,0,1,5),5,(40,Sc,1,1,2),12,
/* out0066_em-eta6-phi3*/	2, (40,Sc,0,1,4),6,(40,Sc,0,1,5),11,
/* out0067_em-eta7-phi3*/	2, (40,Sc,0,1,3),7,(40,Sc,0,1,4),10,
/* out0068_em-eta8-phi3*/	4, (40,Si,8,3,0),14,(40,Si,8,3,1),1,(40,Si,8,3,2),1,(40,Sc,0,1,3),9,
/* out0069_em-eta9-phi3*/	3, (40,Si,7,3,1),3,(40,Si,8,3,1),10,(40,Si,8,3,2),5,
/* out0070_em-eta10-phi3*/	3, (40,Si,7,3,0),11,(40,Si,7,3,1),3,(40,Si,7,2,2),1,
/* out0071_em-eta11-phi3*/	4, (40,Si,7,3,0),5,(40,Si,7,3,2),1,(40,Si,6,2,1),5,(40,Si,6,2,2),1,
/* out0072_em-eta12-phi3*/	2, (40,Si,6,3,0),4,(40,Si,6,2,2),7,
/* out0073_em-eta13-phi3*/	3, (40,Si,6,3,0),1,(40,Si,5,2,1),8,(40,Si,6,2,2),1,
/* out0074_em-eta14-phi3*/	3, (40,Si,5,2,0),1,(40,Si,5,2,1),2,(40,Si,5,2,2),4,
/* out0075_em-eta15-phi3*/	2, (40,Si,4,2,1),1,(40,Si,5,2,2),5,
/* out0076_em-eta16-phi3*/	1, (40,Si,4,2,1),5,
/* out0077_em-eta17-phi3*/	2, (40,Si,4,2,0),3,(40,Si,4,2,1),2,
/* out0078_em-eta18-phi3*/	1, (40,Si,4,2,0),2,
/* out0079_em-eta19-phi3*/	0, 
/* out0080_em-eta0-phi4*/	1, (40,Sc,3,2,0),16,
/* out0081_em-eta1-phi4*/	1, (40,Sc,3,2,1),15,
/* out0082_em-eta2-phi4*/	3, (40,Sc,2,2,0),16,(40,Sc,2,2,1),1,(40,Sc,3,2,1),1,
/* out0083_em-eta3-phi4*/	2, (40,Sc,1,2,0),2,(40,Sc,2,2,1),15,
/* out0084_em-eta4-phi4*/	2, (40,Sc,1,2,0),14,(40,Sc,1,2,1),4,
/* out0085_em-eta5-phi4*/	2, (40,Sc,0,2,0),5,(40,Sc,1,2,1),12,
/* out0086_em-eta6-phi4*/	2, (40,Sc,0,2,0),11,(40,Sc,0,2,1),6,
/* out0087_em-eta7-phi4*/	2, (40,Sc,0,2,1),10,(40,Sc,0,2,2),7,
/* out0088_em-eta8-phi4*/	5, (40,Si,8,3,0),1,(40,Si,8,3,1),2,(40,Si,8,4,0),5,(40,Si,8,4,2),2,(40,Sc,0,2,2),9,
/* out0089_em-eta9-phi4*/	4, (40,Si,7,3,1),3,(40,Si,8,3,1),3,(40,Si,8,4,0),2,(40,Si,8,4,2),14,
/* out0090_em-eta10-phi4*/	2, (40,Si,7,3,1),7,(40,Si,7,3,2),9,
/* out0091_em-eta11-phi4*/	2, (40,Si,6,3,1),6,(40,Si,7,3,2),6,
/* out0092_em-eta12-phi4*/	3, (40,Si,6,3,0),7,(40,Si,6,3,1),3,(40,Si,6,3,2),1,
/* out0093_em-eta13-phi4*/	3, (40,Si,6,3,0),4,(40,Si,6,3,2),2,(40,Si,5,2,1),2,
/* out0094_em-eta14-phi4*/	2, (40,Si,5,3,1),3,(40,Si,5,2,2),4,
/* out0095_em-eta15-phi4*/	4, (40,Si,5,3,1),2,(40,Si,4,2,1),1,(40,Si,4,2,2),1,(40,Si,5,2,2),2,
/* out0096_em-eta16-phi4*/	2, (40,Si,4,2,1),2,(40,Si,4,2,2),3,
/* out0097_em-eta17-phi4*/	3, (40,Si,4,2,0),5,(40,Si,4,2,1),1,(40,Si,4,2,2),1,
/* out0098_em-eta18-phi4*/	1, (40,Si,4,2,0),3,
/* out0099_em-eta19-phi4*/	0, 
/* out0100_em-eta0-phi5*/	1, (40,Sc,3,2,3),16,
/* out0101_em-eta1-phi5*/	1, (40,Sc,3,2,2),15,
/* out0102_em-eta2-phi5*/	3, (40,Sc,2,2,2),1,(40,Sc,2,2,3),16,(40,Sc,3,2,2),1,
/* out0103_em-eta3-phi5*/	2, (40,Sc,1,2,3),2,(40,Sc,2,2,2),15,
/* out0104_em-eta4-phi5*/	2, (40,Sc,1,2,2),4,(40,Sc,1,2,3),14,
/* out0105_em-eta5-phi5*/	2, (40,Sc,0,2,5),5,(40,Sc,1,2,2),12,
/* out0106_em-eta6-phi5*/	2, (40,Sc,0,2,4),6,(40,Sc,0,2,5),11,
/* out0107_em-eta7-phi5*/	2, (40,Sc,0,2,3),7,(40,Sc,0,2,4),10,
/* out0108_em-eta8-phi5*/	3, (40,Si,8,4,0),7,(40,Si,8,4,1),1,(40,Sc,0,2,3),9,
/* out0109_em-eta9-phi5*/	3, (40,Si,7,4,1),1,(40,Si,8,4,0),2,(40,Si,8,4,1),14,
/* out0110_em-eta10-phi5*/	3, (40,Si,7,4,0),7,(40,Si,7,4,1),7,(40,Si,8,4,1),1,
/* out0111_em-eta11-phi5*/	2, (40,Si,7,4,0),9,(40,Si,6,3,1),4,
/* out0112_em-eta12-phi5*/	2, (40,Si,6,3,1),3,(40,Si,6,3,2),8,
/* out0113_em-eta13-phi5*/	2, (40,Si,5,3,2),4,(40,Si,6,3,2),5,
/* out0114_em-eta14-phi5*/	2, (40,Si,5,3,1),4,(40,Si,5,3,2),4,
/* out0115_em-eta15-phi5*/	1, (40,Si,5,3,1),6,
/* out0116_em-eta16-phi5*/	2, (40,Si,5,3,1),1,(40,Si,4,2,2),5,
/* out0117_em-eta17-phi5*/	1, (40,Si,4,2,2),5,
/* out0118_em-eta18-phi5*/	2, (40,Si,4,2,0),2,(40,Si,4,2,2),1,
/* out0119_em-eta19-phi5*/	0, 
/* out0120_em-eta0-phi6*/	1, (40,Sc,3,3,0),16,
/* out0121_em-eta1-phi6*/	1, (40,Sc,3,3,1),15,
/* out0122_em-eta2-phi6*/	3, (40,Sc,2,3,0),16,(40,Sc,2,3,1),1,(40,Sc,3,3,1),1,
/* out0123_em-eta3-phi6*/	2, (40,Sc,1,3,0),2,(40,Sc,2,3,1),15,
/* out0124_em-eta4-phi6*/	2, (40,Sc,1,3,0),14,(40,Sc,1,3,1),4,
/* out0125_em-eta5-phi6*/	2, (40,Sc,0,3,0),5,(40,Sc,1,3,1),12,
/* out0126_em-eta6-phi6*/	2, (40,Sc,0,3,0),11,(40,Sc,0,3,1),6,
/* out0127_em-eta7-phi6*/	2, (40,Sc,0,3,1),10,(40,Sc,0,3,2),7,
/* out0128_em-eta8-phi6*/	3, (40,Si,8,5,0),8,(40,Si,8,5,2),1,(40,Sc,0,3,2),9,
/* out0129_em-eta9-phi6*/	4, (40,Si,7,4,1),1,(40,Si,8,5,0),4,(40,Si,8,5,1),3,(40,Si,8,5,2),14,
/* out0130_em-eta10-phi6*/	3, (40,Si,7,4,1),7,(40,Si,7,4,2),7,(40,Si,8,5,2),1,
/* out0131_em-eta11-phi6*/	2, (40,Si,6,4,2),4,(40,Si,7,4,2),9,
/* out0132_em-eta12-phi6*/	2, (40,Si,6,4,1),8,(40,Si,6,4,2),3,
/* out0133_em-eta13-phi6*/	2, (40,Si,5,3,2),4,(40,Si,6,4,1),5,
/* out0134_em-eta14-phi6*/	2, (40,Si,5,3,0),4,(40,Si,5,3,2),4,
/* out0135_em-eta15-phi6*/	1, (40,Si,5,3,0),6,
/* out0136_em-eta16-phi6*/	2, (40,Si,4,3,1),4,(40,Si,5,3,0),1,
/* out0137_em-eta17-phi6*/	1, (40,Si,4,3,1),4,
/* out0138_em-eta18-phi6*/	2, (40,Si,4,3,0),2,(40,Si,4,3,1),1,
/* out0139_em-eta19-phi6*/	0, 
/* out0140_em-eta0-phi7*/	1, (40,Sc,3,3,3),16,
/* out0141_em-eta1-phi7*/	1, (40,Sc,3,3,2),15,
/* out0142_em-eta2-phi7*/	3, (40,Sc,2,3,2),1,(40,Sc,2,3,3),16,(40,Sc,3,3,2),1,
/* out0143_em-eta3-phi7*/	2, (40,Sc,1,3,3),2,(40,Sc,2,3,2),15,
/* out0144_em-eta4-phi7*/	2, (40,Sc,1,3,2),4,(40,Sc,1,3,3),14,
/* out0145_em-eta5-phi7*/	2, (40,Sc,0,3,5),5,(40,Sc,1,3,2),12,
/* out0146_em-eta6-phi7*/	2, (40,Sc,0,3,4),6,(40,Sc,0,3,5),11,
/* out0147_em-eta7-phi7*/	2, (40,Sc,0,3,3),7,(40,Sc,0,3,4),10,
/* out0148_em-eta8-phi7*/	5, (40,Si,8,5,0),4,(40,Si,8,5,1),2,(40,Si,8,6,0),1,(40,Si,8,6,2),2,(40,Sc,0,3,3),9,
/* out0149_em-eta9-phi7*/	3, (40,Si,7,5,2),3,(40,Si,8,5,1),11,(40,Si,8,6,2),3,
/* out0150_em-eta10-phi7*/	2, (40,Si,7,5,1),9,(40,Si,7,5,2),7,
/* out0151_em-eta11-phi7*/	2, (40,Si,6,4,2),6,(40,Si,7,5,1),6,
/* out0152_em-eta12-phi7*/	3, (40,Si,6,4,0),7,(40,Si,6,4,1),1,(40,Si,6,4,2),3,
/* out0153_em-eta13-phi7*/	3, (40,Si,5,4,2),2,(40,Si,6,4,0),4,(40,Si,6,4,1),2,
/* out0154_em-eta14-phi7*/	2, (40,Si,5,4,1),4,(40,Si,5,3,0),3,
/* out0155_em-eta15-phi7*/	4, (40,Si,4,3,1),1,(40,Si,4,3,2),1,(40,Si,5,4,1),2,(40,Si,5,3,0),2,
/* out0156_em-eta16-phi7*/	2, (40,Si,4,3,1),4,(40,Si,4,3,2),1,
/* out0157_em-eta17-phi7*/	2, (40,Si,4,3,0),3,(40,Si,4,3,1),2,
/* out0158_em-eta18-phi7*/	1, (40,Si,4,3,0),3,
/* out0159_em-eta19-phi7*/	0, 
/* out0160_em-eta0-phi8*/	1, (40,Sc,3,4,0),16,
/* out0161_em-eta1-phi8*/	1, (40,Sc,3,4,1),15,
/* out0162_em-eta2-phi8*/	3, (40,Sc,2,4,0),16,(40,Sc,2,4,1),1,(40,Sc,3,4,1),1,
/* out0163_em-eta3-phi8*/	2, (40,Sc,1,4,0),2,(40,Sc,2,4,1),15,
/* out0164_em-eta4-phi8*/	2, (40,Sc,1,4,0),14,(40,Sc,1,4,1),4,
/* out0165_em-eta5-phi8*/	2, (40,Sc,0,4,0),5,(40,Sc,1,4,1),12,
/* out0166_em-eta6-phi8*/	2, (40,Sc,0,4,0),11,(40,Sc,0,4,1),6,
/* out0167_em-eta7-phi8*/	2, (40,Sc,0,4,1),10,(40,Sc,0,4,2),7,
/* out0168_em-eta8-phi8*/	4, (40,Si,8,6,0),14,(40,Si,8,6,1),2,(40,Si,8,6,2),1,(40,Sc,0,4,2),9,
/* out0169_em-eta9-phi8*/	3, (40,Si,7,5,2),3,(40,Si,8,6,1),6,(40,Si,8,6,2),10,
/* out0170_em-eta10-phi8*/	3, (40,Si,7,6,1),1,(40,Si,7,5,0),11,(40,Si,7,5,2),3,
/* out0171_em-eta11-phi8*/	4, (40,Si,6,5,1),1,(40,Si,6,5,2),5,(40,Si,7,5,0),5,(40,Si,7,5,1),1,
/* out0172_em-eta12-phi8*/	2, (40,Si,6,5,1),7,(40,Si,6,4,0),4,
/* out0173_em-eta13-phi8*/	3, (40,Si,5,4,2),8,(40,Si,6,5,1),1,(40,Si,6,4,0),1,
/* out0174_em-eta14-phi8*/	3, (40,Si,5,4,0),1,(40,Si,5,4,1),4,(40,Si,5,4,2),2,
/* out0175_em-eta15-phi8*/	2, (40,Si,4,3,2),1,(40,Si,5,4,1),5,
/* out0176_em-eta16-phi8*/	1, (40,Si,4,3,2),6,
/* out0177_em-eta17-phi8*/	2, (40,Si,4,3,0),5,(40,Si,4,3,2),2,
/* out0178_em-eta18-phi8*/	1, (40,Si,4,3,0),2,
/* out0179_em-eta19-phi8*/	0, 
/* out0180_em-eta0-phi9*/	1, (40,Sc,3,4,3),16,
/* out0181_em-eta1-phi9*/	1, (40,Sc,3,4,2),15,
/* out0182_em-eta2-phi9*/	3, (40,Sc,2,4,2),1,(40,Sc,2,4,3),16,(40,Sc,3,4,2),1,
/* out0183_em-eta3-phi9*/	2, (40,Sc,1,4,3),2,(40,Sc,2,4,2),15,
/* out0184_em-eta4-phi9*/	2, (40,Sc,1,4,2),4,(40,Sc,1,4,3),14,
/* out0185_em-eta5-phi9*/	2, (40,Sc,0,4,5),5,(40,Sc,1,4,2),12,
/* out0186_em-eta6-phi9*/	2, (40,Sc,0,4,4),6,(40,Sc,0,4,5),11,
/* out0187_em-eta7-phi9*/	2, (40,Sc,0,4,3),7,(40,Sc,0,4,4),10,
/* out0188_em-eta8-phi9*/	5, (40,Si,8,7,0),3,(40,Si,8,7,1),9,(40,Si,8,6,0),1,(40,Si,8,6,1),4,(40,Sc,0,4,3),9,
/* out0189_em-eta9-phi9*/	3, (40,Si,7,6,2),12,(40,Si,8,7,1),3,(40,Si,8,6,1),4,
/* out0190_em-eta10-phi9*/	3, (40,Si,7,6,0),1,(40,Si,7,6,1),13,(40,Si,7,6,2),1,
/* out0191_em-eta11-phi9*/	3, (40,Si,6,5,0),2,(40,Si,6,5,2),10,(40,Si,7,6,1),1,
/* out0192_em-eta12-phi9*/	2, (40,Si,6,5,0),5,(40,Si,6,5,1),5,
/* out0193_em-eta13-phi9*/	4, (40,Si,5,4,0),2,(40,Si,5,4,2),4,(40,Si,6,5,0),1,(40,Si,6,5,1),2,
/* out0194_em-eta14-phi9*/	1, (40,Si,5,4,0),7,
/* out0195_em-eta15-phi9*/	3, (40,Si,4,4,2),2,(40,Si,5,4,0),4,(40,Si,5,4,1),1,
/* out0196_em-eta16-phi9*/	3, (40,Si,4,4,1),3,(40,Si,4,4,2),1,(40,Si,4,3,2),2,
/* out0197_em-eta17-phi9*/	3, (40,Si,4,4,1),1,(40,Si,4,3,0),1,(40,Si,4,3,2),3,
/* out0198_em-eta18-phi9*/	0, 
/* out0199_em-eta19-phi9*/	0, 
/* out0200_em-eta0-phi10*/	1, (40,Sc,3,5,0),16,
/* out0201_em-eta1-phi10*/	1, (40,Sc,3,5,1),15,
/* out0202_em-eta2-phi10*/	3, (40,Sc,2,5,0),16,(40,Sc,2,5,1),1,(40,Sc,3,5,1),1,
/* out0203_em-eta3-phi10*/	2, (40,Sc,1,5,0),2,(40,Sc,2,5,1),15,
/* out0204_em-eta4-phi10*/	2, (40,Sc,1,5,0),14,(40,Sc,1,5,1),4,
/* out0205_em-eta5-phi10*/	2, (40,Sc,0,5,0),5,(40,Sc,1,5,1),12,
/* out0206_em-eta6-phi10*/	2, (40,Sc,0,5,0),11,(40,Sc,0,5,1),6,
/* out0207_em-eta7-phi10*/	2, (40,Sc,0,5,1),10,(40,Sc,0,5,2),7,
/* out0208_em-eta8-phi10*/	4, (40,Si,7,7,2),1,(40,Si,8,7,0),11,(40,Si,8,7,1),1,(40,Sc,0,5,2),9,
/* out0209_em-eta9-phi10*/	6, (40,Si,7,7,1),4,(40,Si,7,7,2),3,(40,Si,7,6,0),5,(40,Si,7,6,2),3,(40,Si,8,7,0),2,(40,Si,8,7,1),3,
/* out0210_em-eta10-phi10*/	3, (40,Si,6,6,2),4,(40,Si,7,7,1),1,(40,Si,7,6,0),10,
/* out0211_em-eta11-phi10*/	5, (40,Si,6,6,1),6,(40,Si,6,6,2),2,(40,Si,6,5,0),3,(40,Si,6,5,2),1,(40,Si,7,6,1),1,
/* out0212_em-eta12-phi10*/	3, (40,Si,5,5,2),4,(40,Si,6,6,1),1,(40,Si,6,5,0),5,
/* out0213_em-eta13-phi10*/	2, (40,Si,5,5,1),5,(40,Si,5,5,2),4,
/* out0214_em-eta14-phi10*/	3, (40,Si,4,4,2),1,(40,Si,5,5,1),5,(40,Si,5,4,0),2,
/* out0215_em-eta15-phi10*/	1, (40,Si,4,4,2),6,
/* out0216_em-eta16-phi10*/	2, (40,Si,4,4,1),4,(40,Si,4,4,2),1,
/* out0217_em-eta17-phi10*/	1, (40,Si,4,4,1),4,
/* out0218_em-eta18-phi10*/	0, 
/* out0219_em-eta19-phi10*/	0, 
/* out0220_em-eta0-phi11*/	1, (40,Sc,3,5,3),16,
/* out0221_em-eta1-phi11*/	1, (40,Sc,3,5,2),15,
/* out0222_em-eta2-phi11*/	3, (40,Sc,2,5,2),1,(40,Sc,2,5,3),16,(40,Sc,3,5,2),1,
/* out0223_em-eta3-phi11*/	2, (40,Sc,1,5,3),2,(40,Sc,2,5,2),15,
/* out0224_em-eta4-phi11*/	2, (40,Sc,1,5,2),4,(40,Sc,1,5,3),14,
/* out0225_em-eta5-phi11*/	2, (40,Sc,0,5,5),5,(40,Sc,1,5,2),12,
/* out0226_em-eta6-phi11*/	2, (40,Sc,0,5,4),6,(40,Sc,0,5,5),11,
/* out0227_em-eta7-phi11*/	2, (40,Sc,0,5,3),7,(40,Sc,0,5,4),10,
/* out0228_em-eta8-phi11*/	3, (40,Si,7,7,0),1,(40,Si,7,7,2),7,(40,Sc,0,5,3),9,
/* out0229_em-eta9-phi11*/	3, (40,Si,7,7,0),7,(40,Si,7,7,1),6,(40,Si,7,7,2),5,
/* out0230_em-eta10-phi11*/	4, (40,Si,6,6,0),2,(40,Si,6,6,2),8,(40,Si,7,7,0),1,(40,Si,7,7,1),5,
/* out0231_em-eta11-phi11*/	3, (40,Si,6,6,0),6,(40,Si,6,6,1),5,(40,Si,6,6,2),2,
/* out0232_em-eta12-phi11*/	4, (40,Si,5,5,0),1,(40,Si,5,5,2),6,(40,Si,6,6,0),1,(40,Si,6,6,1),4,
/* out0233_em-eta13-phi11*/	3, (40,Si,5,5,0),5,(40,Si,5,5,1),1,(40,Si,5,5,2),2,
/* out0234_em-eta14-phi11*/	3, (40,Si,4,4,2),1,(40,Si,5,5,0),2,(40,Si,5,5,1),5,
/* out0235_em-eta15-phi11*/	2, (40,Si,4,4,0),3,(40,Si,4,4,2),4,
/* out0236_em-eta16-phi11*/	2, (40,Si,4,4,0),4,(40,Si,4,4,1),1,
/* out0237_em-eta17-phi11*/	2, (40,Si,4,4,0),2,(40,Si,4,4,1),3,
/* out0238_em-eta18-phi11*/	0, 
/* out0239_em-eta19-phi11*/	0, 
/* out0240_em-eta0-phi12*/	1, (40,Sc,3,6,0),16,
/* out0241_em-eta1-phi12*/	1, (40,Sc,3,6,1),15,
/* out0242_em-eta2-phi12*/	3, (40,Sc,2,6,0),16,(40,Sc,2,6,1),1,(40,Sc,3,6,1),1,
/* out0243_em-eta3-phi12*/	2, (40,Sc,1,6,0),2,(40,Sc,2,6,1),15,
/* out0244_em-eta4-phi12*/	2, (40,Sc,1,6,0),14,(40,Sc,1,6,1),4,
/* out0245_em-eta5-phi12*/	2, (40,Sc,0,6,0),5,(40,Sc,1,6,1),12,
/* out0246_em-eta6-phi12*/	2, (40,Sc,0,6,0),11,(40,Sc,0,6,1),6,
/* out0247_em-eta7-phi12*/	2, (40,Sc,0,6,1),10,(40,Sc,0,6,2),7,
/* out0248_em-eta8-phi12*/	3, (40,Si,7,8,0),9,(40,Si,7,7,0),1,(40,Sc,0,6,2),9,
/* out0249_em-eta9-phi12*/	5, (40,Si,6,7,0),3,(40,Si,6,7,1),3,(40,Si,7,8,0),4,(40,Si,7,8,2),3,(40,Si,7,7,0),6,
/* out0250_em-eta10-phi12*/	3, (40,Si,6,7,0),12,(40,Si,6,7,2),1,(40,Si,6,6,0),2,
/* out0251_em-eta11-phi12*/	5, (40,Si,5,6,0),4,(40,Si,5,6,1),2,(40,Si,6,7,0),1,(40,Si,6,7,2),1,(40,Si,6,6,0),5,
/* out0252_em-eta12-phi12*/	2, (40,Si,5,6,0),9,(40,Si,5,5,0),1,
/* out0253_em-eta13-phi12*/	4, (40,Si,4,5,0),1,(40,Si,5,6,0),1,(40,Si,5,6,2),1,(40,Si,5,5,0),5,
/* out0254_em-eta14-phi12*/	2, (40,Si,4,5,0),6,(40,Si,5,5,0),2,
/* out0255_em-eta15-phi12*/	2, (40,Si,4,5,0),4,(40,Si,4,4,0),2,
/* out0256_em-eta16-phi12*/	2, (40,Si,3,4,0),1,(40,Si,4,4,0),4,
/* out0257_em-eta17-phi12*/	2, (40,Si,3,4,0),3,(40,Si,4,4,0),1,
/* out0258_em-eta18-phi12*/	1, (40,Si,3,4,1),1,
/* out0259_em-eta19-phi12*/	0, 
/* out0260_em-eta0-phi13*/	1, (40,Sc,3,6,3),16,
/* out0261_em-eta1-phi13*/	1, (40,Sc,3,6,2),15,
/* out0262_em-eta2-phi13*/	3, (40,Sc,2,6,2),1,(40,Sc,2,6,3),16,(40,Sc,3,6,2),1,
/* out0263_em-eta3-phi13*/	2, (40,Sc,1,6,3),2,(40,Sc,2,6,2),15,
/* out0264_em-eta4-phi13*/	2, (40,Sc,1,6,2),4,(40,Sc,1,6,3),14,
/* out0265_em-eta5-phi13*/	2, (40,Sc,0,6,5),5,(40,Sc,1,6,2),12,
/* out0266_em-eta6-phi13*/	2, (40,Sc,0,6,4),6,(40,Sc,0,6,5),11,
/* out0267_em-eta7-phi13*/	2, (40,Sc,0,6,3),7,(40,Sc,0,6,4),10,
/* out0268_em-eta8-phi13*/	4, (40,Si,6,8,0),2,(40,Si,7,8,0),3,(40,Si,7,8,2),7,(40,Sc,0,6,3),9,
/* out0269_em-eta9-phi13*/	3, (40,Si,6,8,0),6,(40,Si,6,7,1),9,(40,Si,7,8,2),6,
/* out0270_em-eta10-phi13*/	2, (40,Si,6,7,1),4,(40,Si,6,7,2),11,
/* out0271_em-eta11-phi13*/	3, (40,Si,5,7,0),1,(40,Si,5,6,1),9,(40,Si,6,7,2),2,
/* out0272_em-eta12-phi13*/	3, (40,Si,5,6,0),2,(40,Si,5,6,1),2,(40,Si,5,6,2),6,
/* out0273_em-eta13-phi13*/	2, (40,Si,4,5,1),5,(40,Si,5,6,2),4,
/* out0274_em-eta14-phi13*/	3, (40,Si,4,5,0),3,(40,Si,4,5,1),4,(40,Si,4,5,2),1,
/* out0275_em-eta15-phi13*/	2, (40,Si,4,5,0),2,(40,Si,4,5,2),4,
/* out0276_em-eta16-phi13*/	2, (40,Si,3,4,0),5,(40,Si,4,5,2),1,
/* out0277_em-eta17-phi13*/	2, (40,Si,3,4,0),4,(40,Si,3,4,1),2,
/* out0278_em-eta18-phi13*/	0, 
/* out0279_em-eta19-phi13*/	0, 
/* out0280_em-eta0-phi14*/	1, (40,Sc,3,7,0),16,
/* out0281_em-eta1-phi14*/	1, (40,Sc,3,7,1),15,
/* out0282_em-eta2-phi14*/	3, (40,Sc,2,7,0),16,(40,Sc,2,7,1),1,(40,Sc,3,7,1),1,
/* out0283_em-eta3-phi14*/	2, (40,Sc,1,7,0),2,(40,Sc,2,7,1),15,
/* out0284_em-eta4-phi14*/	2, (40,Sc,1,7,0),14,(40,Sc,1,7,1),4,
/* out0285_em-eta5-phi14*/	2, (40,Sc,0,7,0),5,(40,Sc,1,7,1),12,
/* out0286_em-eta6-phi14*/	2, (40,Sc,0,7,0),11,(40,Sc,0,7,1),6,
/* out0287_em-eta7-phi14*/	2, (40,Sc,0,7,1),10,(40,Sc,0,7,2),7,
/* out0288_em-eta8-phi14*/	3, (40,Si,6,8,0),1,(40,Si,6,8,1),12,(40,Sc,0,7,2),9,
/* out0289_em-eta9-phi14*/	3, (40,Si,6,8,0),7,(40,Si,6,8,1),2,(40,Si,6,8,2),10,
/* out0290_em-eta10-phi14*/	4, (40,Si,5,7,0),7,(40,Si,5,7,1),7,(40,Si,6,8,2),1,(40,Si,6,7,2),1,
/* out0291_em-eta11-phi14*/	3, (40,Si,5,7,0),8,(40,Si,5,7,2),3,(40,Si,5,6,1),2,
/* out0292_em-eta12-phi14*/	4, (40,Si,4,6,0),4,(40,Si,4,6,1),1,(40,Si,5,6,1),1,(40,Si,5,6,2),4,
/* out0293_em-eta13-phi14*/	3, (40,Si,4,6,0),6,(40,Si,4,5,1),3,(40,Si,5,6,2),1,
/* out0294_em-eta14-phi14*/	2, (40,Si,4,5,1),4,(40,Si,4,5,2),3,
/* out0295_em-eta15-phi14*/	1, (40,Si,4,5,2),6,
/* out0296_em-eta16-phi14*/	3, (40,Si,3,4,0),3,(40,Si,3,4,1),3,(40,Si,4,5,2),1,
/* out0297_em-eta17-phi14*/	1, (40,Si,3,4,1),5,
/* out0298_em-eta18-phi14*/	0, 
/* out0299_em-eta19-phi14*/	0, 
/* out0300_em-eta0-phi15*/	1, (40,Sc,3,7,3),16,
/* out0301_em-eta1-phi15*/	1, (40,Sc,3,7,2),15,
/* out0302_em-eta2-phi15*/	3, (40,Sc,2,7,2),1,(40,Sc,2,7,3),16,(40,Sc,3,7,2),1,
/* out0303_em-eta3-phi15*/	2, (40,Sc,1,7,3),2,(40,Sc,2,7,2),15,
/* out0304_em-eta4-phi15*/	2, (40,Sc,1,7,2),4,(40,Sc,1,7,3),14,
/* out0305_em-eta5-phi15*/	2, (40,Sc,0,7,5),5,(40,Sc,1,7,2),12,
/* out0306_em-eta6-phi15*/	2, (40,Sc,0,7,4),6,(40,Sc,0,7,5),11,
/* out0307_em-eta7-phi15*/	2, (40,Sc,0,7,3),7,(40,Sc,0,7,4),10,
/* out0308_em-eta8-phi15*/	3, (40,Si,5,8,2),2,(40,Si,6,8,1),2,(40,Sc,0,7,3),9,
/* out0309_em-eta9-phi15*/	3, (40,Si,5,8,1),10,(40,Si,5,8,2),2,(40,Si,6,8,2),5,
/* out0310_em-eta10-phi15*/	3, (40,Si,5,7,1),9,(40,Si,5,7,2),3,(40,Si,5,8,1),3,
/* out0311_em-eta11-phi15*/	3, (40,Si,4,6,1),2,(40,Si,4,7,1),1,(40,Si,5,7,2),10,
/* out0312_em-eta12-phi15*/	2, (40,Si,4,6,0),1,(40,Si,4,6,1),9,
/* out0313_em-eta13-phi15*/	2, (40,Si,4,6,0),4,(40,Si,4,6,2),5,
/* out0314_em-eta14-phi15*/	4, (40,Si,3,5,0),2,(40,Si,3,5,1),3,(40,Si,4,6,0),1,(40,Si,4,6,2),2,
/* out0315_em-eta15-phi15*/	1, (40,Si,3,5,0),6,
/* out0316_em-eta16-phi15*/	2, (40,Si,3,5,0),4,(40,Si,3,4,1),2,
/* out0317_em-eta17-phi15*/	1, (40,Si,3,4,1),3,
/* out0318_em-eta18-phi15*/	0, 
/* out0319_em-eta19-phi15*/	0, 
/* out0320_em-eta0-phi16*/	1, (40,Sc,3,8,0),16,
/* out0321_em-eta1-phi16*/	1, (40,Sc,3,8,1),15,
/* out0322_em-eta2-phi16*/	3, (40,Sc,2,8,0),16,(40,Sc,2,8,1),1,(40,Sc,3,8,1),1,
/* out0323_em-eta3-phi16*/	2, (40,Sc,1,8,0),2,(40,Sc,2,8,1),15,
/* out0324_em-eta4-phi16*/	2, (40,Sc,1,8,0),14,(40,Sc,1,8,1),4,
/* out0325_em-eta5-phi16*/	2, (40,Sc,0,8,0),5,(40,Sc,1,8,1),12,
/* out0326_em-eta6-phi16*/	2, (40,Sc,0,8,0),11,(40,Sc,0,8,1),6,
/* out0327_em-eta7-phi16*/	2, (40,Sc,0,8,1),10,(40,Sc,0,8,2),7,
/* out0328_em-eta8-phi16*/	2, (40,Si,5,8,2),4,(40,Sc,0,8,2),9,
/* out0329_em-eta9-phi16*/	3, (40,Si,5,8,0),9,(40,Si,5,8,1),2,(40,Si,5,8,2),8,
/* out0330_em-eta10-phi16*/	4, (40,Si,4,7,1),2,(40,Si,4,7,2),7,(40,Si,5,8,0),6,(40,Si,5,8,1),1,
/* out0331_em-eta11-phi16*/	3, (40,Si,4,7,0),1,(40,Si,4,7,1),11,(40,Si,4,7,2),1,
/* out0332_em-eta12-phi16*/	5, (40,Si,4,6,1),4,(40,Si,4,6,2),3,(40,Si,4,7,0),1,(40,Si,4,7,1),2,(40,Si,3,6,1),1,
/* out0333_em-eta13-phi16*/	2, (40,Si,4,6,2),6,(40,Si,3,6,1),2,
/* out0334_em-eta14-phi16*/	1, (40,Si,3,5,1),7,
/* out0335_em-eta15-phi16*/	3, (40,Si,3,5,0),2,(40,Si,3,5,1),2,(40,Si,3,5,2),2,
/* out0336_em-eta16-phi16*/	2, (40,Si,3,5,0),2,(40,Si,3,5,2),4,
/* out0337_em-eta17-phi16*/	1, (40,Si,3,5,2),1,
/* out0338_em-eta18-phi16*/	0, 
/* out0339_em-eta19-phi16*/	0, 
/* out0340_em-eta0-phi17*/	1, (40,Sc,3,8,3),16,
/* out0341_em-eta1-phi17*/	1, (40,Sc,3,8,2),15,
/* out0342_em-eta2-phi17*/	3, (40,Sc,2,8,2),1,(40,Sc,2,8,3),16,(40,Sc,3,8,2),1,
/* out0343_em-eta3-phi17*/	2, (40,Sc,1,8,3),2,(40,Sc,2,8,2),15,
/* out0344_em-eta4-phi17*/	2, (40,Sc,1,8,2),4,(40,Sc,1,8,3),14,
/* out0345_em-eta5-phi17*/	2, (40,Sc,0,8,5),5,(40,Sc,1,8,2),12,
/* out0346_em-eta6-phi17*/	2, (40,Sc,0,8,4),6,(40,Sc,0,8,5),11,
/* out0347_em-eta7-phi17*/	2, (40,Sc,0,8,3),7,(40,Sc,0,8,4),10,
/* out0348_em-eta8-phi17*/	2, (40,Si,4,8,1),1,(40,Sc,0,8,3),9,
/* out0349_em-eta9-phi17*/	3, (40,Si,5,8,0),1,(40,Si,4,8,0),9,(40,Si,4,8,1),7,
/* out0350_em-eta10-phi17*/	3, (40,Si,4,7,0),1,(40,Si,4,7,2),7,(40,Si,4,8,0),7,
/* out0351_em-eta11-phi17*/	2, (40,Si,4,7,0),11,(40,Si,4,7,2),1,
/* out0352_em-eta12-phi17*/	3, (40,Si,4,7,0),2,(40,Si,3,6,1),1,(40,Si,3,6,2),7,
/* out0353_em-eta13-phi17*/	2, (40,Si,3,6,1),8,(40,Si,3,6,2),1,
/* out0354_em-eta14-phi17*/	2, (40,Si,3,5,1),3,(40,Si,3,6,1),4,
/* out0355_em-eta15-phi17*/	2, (40,Si,3,5,1),1,(40,Si,3,5,2),5,
/* out0356_em-eta16-phi17*/	1, (40,Si,3,5,2),4,
/* out0357_em-eta17-phi17*/	0, 
/* out0358_em-eta18-phi17*/	0, 
/* out0359_em-eta19-phi17*/	0, 
/* out0360_em-eta0-phi18*/	1, (40,Sc,3,9,0),16,
/* out0361_em-eta1-phi18*/	1, (40,Sc,3,9,1),15,
/* out0362_em-eta2-phi18*/	3, (40,Sc,2,9,0),16,(40,Sc,2,9,1),1,(40,Sc,3,9,1),1,
/* out0363_em-eta3-phi18*/	2, (40,Sc,1,9,0),2,(40,Sc,2,9,1),15,
/* out0364_em-eta4-phi18*/	2, (40,Sc,1,9,0),14,(40,Sc,1,9,1),4,
/* out0365_em-eta5-phi18*/	2, (40,Sc,0,9,0),5,(40,Sc,1,9,1),12,
/* out0366_em-eta6-phi18*/	2, (40,Sc,0,9,0),11,(40,Sc,0,9,1),6,
/* out0367_em-eta7-phi18*/	2, (40,Sc,0,9,1),10,(40,Sc,0,9,2),7,
/* out0368_em-eta8-phi18*/	2, (40,Si,4,8,1),1,(40,Sc,0,9,2),9,
/* out0369_em-eta9-phi18*/	3, (40,Si,3,8,1),1,(40,Si,4,8,1),7,(40,Si,4,8,2),9,
/* out0370_em-eta10-phi18*/	3, (40,Si,3,7,1),1,(40,Si,3,7,2),7,(40,Si,4,8,2),7,
/* out0371_em-eta11-phi18*/	2, (40,Si,3,7,1),11,(40,Si,3,7,2),1,
/* out0372_em-eta12-phi18*/	3, (40,Si,3,6,0),1,(40,Si,3,6,2),7,(40,Si,3,7,1),2,
/* out0373_em-eta13-phi18*/	2, (40,Si,3,6,0),8,(40,Si,3,6,2),1,
/* out0374_em-eta14-phi18*/	2, (40,Si,2,5,2),3,(40,Si,3,6,0),3,
/* out0375_em-eta15-phi18*/	2, (40,Si,2,5,1),5,(40,Si,2,5,2),1,
/* out0376_em-eta16-phi18*/	1, (40,Si,2,5,1),4,
/* out0377_em-eta17-phi18*/	0, 
/* out0378_em-eta18-phi18*/	0, 
/* out0379_em-eta19-phi18*/	0, 
/* out0380_em-eta0-phi19*/	1, (40,Sc,3,9,3),16,
/* out0381_em-eta1-phi19*/	1, (40,Sc,3,9,2),15,
/* out0382_em-eta2-phi19*/	3, (40,Sc,2,9,2),1,(40,Sc,2,9,3),16,(40,Sc,3,9,2),1,
/* out0383_em-eta3-phi19*/	2, (40,Sc,1,9,3),2,(40,Sc,2,9,2),15,
/* out0384_em-eta4-phi19*/	2, (40,Sc,1,9,2),4,(40,Sc,1,9,3),14,
/* out0385_em-eta5-phi19*/	2, (40,Sc,0,9,5),5,(40,Sc,1,9,2),12,
/* out0386_em-eta6-phi19*/	2, (40,Sc,0,9,4),6,(40,Sc,0,9,5),11,
/* out0387_em-eta7-phi19*/	2, (40,Sc,0,9,3),7,(40,Sc,0,9,4),10,
/* out0388_em-eta8-phi19*/	2, (40,Si,3,8,2),4,(40,Sc,0,9,3),9,
/* out0389_em-eta9-phi19*/	3, (40,Si,3,8,0),2,(40,Si,3,8,1),9,(40,Si,3,8,2),8,
/* out0390_em-eta10-phi19*/	4, (40,Si,3,7,0),2,(40,Si,3,7,2),7,(40,Si,3,8,0),1,(40,Si,3,8,1),6,
/* out0391_em-eta11-phi19*/	3, (40,Si,3,7,0),11,(40,Si,3,7,1),1,(40,Si,3,7,2),1,
/* out0392_em-eta12-phi19*/	5, (40,Si,2,6,1),3,(40,Si,2,6,2),4,(40,Si,3,6,0),1,(40,Si,3,7,0),2,(40,Si,3,7,1),1,
/* out0393_em-eta13-phi19*/	2, (40,Si,2,6,1),6,(40,Si,3,6,0),3,
/* out0394_em-eta14-phi19*/	1, (40,Si,2,5,2),7,
/* out0395_em-eta15-phi19*/	3, (40,Si,2,5,0),2,(40,Si,2,5,1),2,(40,Si,2,5,2),2,
/* out0396_em-eta16-phi19*/	2, (40,Si,2,5,0),2,(40,Si,2,5,1),4,
/* out0397_em-eta17-phi19*/	1, (40,Si,2,5,1),1,
/* out0398_em-eta18-phi19*/	0, 
/* out0399_em-eta19-phi19*/	0, 
/* out0400_em-eta0-phi20*/	1, (40,Sc,3,10,0),16,
/* out0401_em-eta1-phi20*/	1, (40,Sc,3,10,1),15,
/* out0402_em-eta2-phi20*/	3, (40,Sc,2,10,0),16,(40,Sc,2,10,1),1,(40,Sc,3,10,1),1,
/* out0403_em-eta3-phi20*/	2, (40,Sc,1,10,0),2,(40,Sc,2,10,1),15,
/* out0404_em-eta4-phi20*/	2, (40,Sc,1,10,0),14,(40,Sc,1,10,1),4,
/* out0405_em-eta5-phi20*/	2, (40,Sc,0,10,0),5,(40,Sc,1,10,1),12,
/* out0406_em-eta6-phi20*/	2, (40,Sc,0,10,0),11,(40,Sc,0,10,1),6,
/* out0407_em-eta7-phi20*/	2, (40,Sc,0,10,1),10,(40,Sc,0,10,2),7,
/* out0408_em-eta8-phi20*/	3, (40,Si,2,8,2),2,(40,Si,3,8,2),2,(40,Sc,0,10,2),9,
/* out0409_em-eta9-phi20*/	3, (40,Si,2,8,1),5,(40,Si,3,8,0),10,(40,Si,3,8,2),2,
/* out0410_em-eta10-phi20*/	3, (40,Si,2,7,1),3,(40,Si,2,7,2),9,(40,Si,3,8,0),3,
/* out0411_em-eta11-phi20*/	3, (40,Si,2,6,2),2,(40,Si,2,7,1),10,(40,Si,3,7,0),1,
/* out0412_em-eta12-phi20*/	2, (40,Si,2,6,0),1,(40,Si,2,6,2),9,
/* out0413_em-eta13-phi20*/	2, (40,Si,2,6,0),4,(40,Si,2,6,1),5,
/* out0414_em-eta14-phi20*/	4, (40,Si,2,5,0),2,(40,Si,2,5,2),3,(40,Si,2,6,0),1,(40,Si,2,6,1),2,
/* out0415_em-eta15-phi20*/	1, (40,Si,2,5,0),6,
/* out0416_em-eta16-phi20*/	2, (40,Si,1,4,1),2,(40,Si,2,5,0),4,
/* out0417_em-eta17-phi20*/	1, (40,Si,1,4,1),3,
/* out0418_em-eta18-phi20*/	0, 
/* out0419_em-eta19-phi20*/	0, 
/* out0420_em-eta0-phi21*/	1, (40,Sc,3,10,3),16,
/* out0421_em-eta1-phi21*/	1, (40,Sc,3,10,2),15,
/* out0422_em-eta2-phi21*/	3, (40,Sc,2,10,2),1,(40,Sc,2,10,3),16,(40,Sc,3,10,2),1,
/* out0423_em-eta3-phi21*/	2, (40,Sc,1,10,3),2,(40,Sc,2,10,2),15,
/* out0424_em-eta4-phi21*/	2, (40,Sc,1,10,2),4,(40,Sc,1,10,3),14,
/* out0425_em-eta5-phi21*/	2, (40,Sc,0,10,5),5,(40,Sc,1,10,2),12,
/* out0426_em-eta6-phi21*/	2, (40,Sc,0,10,4),6,(40,Sc,0,10,5),11,
/* out0427_em-eta7-phi21*/	2, (40,Sc,0,10,3),7,(40,Sc,0,10,4),10,
/* out0428_em-eta8-phi21*/	3, (40,Si,2,8,0),1,(40,Si,2,8,2),12,(40,Sc,0,10,3),9,
/* out0429_em-eta9-phi21*/	3, (40,Si,2,8,0),7,(40,Si,2,8,1),10,(40,Si,2,8,2),2,
/* out0430_em-eta10-phi21*/	4, (40,Si,1,7,1),1,(40,Si,2,7,0),7,(40,Si,2,7,2),7,(40,Si,2,8,1),1,
/* out0431_em-eta11-phi21*/	3, (40,Si,1,6,2),2,(40,Si,2,7,0),8,(40,Si,2,7,1),3,
/* out0432_em-eta12-phi21*/	4, (40,Si,1,6,1),4,(40,Si,1,6,2),1,(40,Si,2,6,0),4,(40,Si,2,6,2),1,
/* out0433_em-eta13-phi21*/	3, (40,Si,1,5,2),3,(40,Si,1,6,1),1,(40,Si,2,6,0),6,
/* out0434_em-eta14-phi21*/	2, (40,Si,1,5,1),3,(40,Si,1,5,2),4,
/* out0435_em-eta15-phi21*/	1, (40,Si,1,5,1),6,
/* out0436_em-eta16-phi21*/	3, (40,Si,1,4,1),3,(40,Si,1,4,2),3,(40,Si,1,5,1),1,
/* out0437_em-eta17-phi21*/	1, (40,Si,1,4,1),5,
/* out0438_em-eta18-phi21*/	0, 
/* out0439_em-eta19-phi21*/	0, 
/* out0440_em-eta0-phi22*/	1, (40,Sc,3,11,0),16,
/* out0441_em-eta1-phi22*/	1, (40,Sc,3,11,1),15,
/* out0442_em-eta2-phi22*/	3, (40,Sc,2,11,0),16,(40,Sc,2,11,1),1,(40,Sc,3,11,1),1,
/* out0443_em-eta3-phi22*/	2, (40,Sc,1,11,0),2,(40,Sc,2,11,1),15,
/* out0444_em-eta4-phi22*/	2, (40,Sc,1,11,0),14,(40,Sc,1,11,1),4,
/* out0445_em-eta5-phi22*/	2, (40,Sc,0,11,0),5,(40,Sc,1,11,1),12,
/* out0446_em-eta6-phi22*/	2, (40,Sc,0,11,0),11,(40,Sc,0,11,1),6,
/* out0447_em-eta7-phi22*/	2, (40,Sc,0,11,1),10,(40,Sc,0,11,2),7,
/* out0448_em-eta8-phi22*/	4, (40,Si,1,8,0),3,(40,Si,1,8,1),7,(40,Si,2,8,0),2,(40,Sc,0,11,2),9,
/* out0449_em-eta9-phi22*/	3, (40,Si,1,7,2),9,(40,Si,1,8,1),6,(40,Si,2,8,0),6,
/* out0450_em-eta10-phi22*/	2, (40,Si,1,7,1),11,(40,Si,1,7,2),4,
/* out0451_em-eta11-phi22*/	3, (40,Si,1,6,2),9,(40,Si,1,7,1),2,(40,Si,2,7,0),1,
/* out0452_em-eta12-phi22*/	3, (40,Si,1,6,0),2,(40,Si,1,6,1),6,(40,Si,1,6,2),2,
/* out0453_em-eta13-phi22*/	2, (40,Si,1,5,2),5,(40,Si,1,6,1),4,
/* out0454_em-eta14-phi22*/	3, (40,Si,1,5,0),3,(40,Si,1,5,1),1,(40,Si,1,5,2),4,
/* out0455_em-eta15-phi22*/	2, (40,Si,1,5,0),2,(40,Si,1,5,1),4,
/* out0456_em-eta16-phi22*/	2, (40,Si,1,4,2),5,(40,Si,1,5,1),1,
/* out0457_em-eta17-phi22*/	2, (40,Si,1,4,1),2,(40,Si,1,4,2),4,
/* out0458_em-eta18-phi22*/	0, 
/* out0459_em-eta19-phi22*/	0, 
/* out0460_em-eta0-phi23*/	1, (40,Sc,3,11,3),16,
/* out0461_em-eta1-phi23*/	1, (40,Sc,3,11,2),15,
/* out0462_em-eta2-phi23*/	3, (40,Sc,2,11,2),1,(40,Sc,2,11,3),16,(40,Sc,3,11,2),1,
/* out0463_em-eta3-phi23*/	2, (40,Sc,1,11,3),2,(40,Sc,2,11,2),15,
/* out0464_em-eta4-phi23*/	2, (40,Sc,1,11,2),4,(40,Sc,1,11,3),14,
/* out0465_em-eta5-phi23*/	2, (40,Sc,0,11,5),5,(40,Sc,1,11,2),12,
/* out0466_em-eta6-phi23*/	2, (40,Sc,0,11,4),6,(40,Sc,0,11,5),11,
/* out0467_em-eta7-phi23*/	2, (40,Sc,0,11,3),7,(40,Sc,0,11,4),10,
/* out0468_em-eta8-phi23*/	2, (40,Si,1,8,0),9,(40,Sc,0,11,3),9,
/* out0469_em-eta9-phi23*/	4, (40,Si,1,7,0),3,(40,Si,1,7,2),3,(40,Si,1,8,0),4,(40,Si,1,8,1),3,
/* out0470_em-eta10-phi23*/	2, (40,Si,1,7,0),12,(40,Si,1,7,1),1,
/* out0471_em-eta11-phi23*/	4, (40,Si,1,6,0),4,(40,Si,1,6,2),2,(40,Si,1,7,0),1,(40,Si,1,7,1),1,
/* out0472_em-eta12-phi23*/	1, (40,Si,1,6,0),9,
/* out0473_em-eta13-phi23*/	3, (40,Si,1,5,0),1,(40,Si,1,6,0),1,(40,Si,1,6,1),1,
/* out0474_em-eta14-phi23*/	1, (40,Si,1,5,0),6,
/* out0475_em-eta15-phi23*/	1, (40,Si,1,5,0),4,
/* out0476_em-eta16-phi23*/	1, (40,Si,1,4,2),1,
/* out0477_em-eta17-phi23*/	1, (40,Si,1,4,2),3,
/* out0478_em-eta18-phi23*/	1, (40,Si,1,4,1),1,
/* out0479_em-eta19-phi23*/	0,
};