Board 0x64050000, Board number = 5
format module = (Layer,u,v,index_STC),fraction of 1/16
Number of Ptts = 480
Number CEH modules = 109, Number CEH scintilators = 24

/* out0000_had-eta0-phi0*/	0, 
/* out0001_had-eta1-phi0*/	1, (35,3,0,0), 2, 
/* out0002_had-eta2-phi0*/	1, (35,3,0,0), 6, 
/* out0003_had-eta3-phi0*/	1, (35,2,0,0), 5, 
/* out0004_had-eta4-phi0*/	1, (35,2,0,0), 3, 
/* out0005_had-eta5-phi0*/	0, 
/* out0006_had-eta6-phi0*/	3, (38,9,2,1), 1, (38,8,1,0), 1, (38,8,1,2), 8, 
/* out0007_had-eta7-phi0*/	3, (38,8,1,0), 10, (38,8,1,1), 8, (38,8,1,2), 8, 
/* out0008_had-eta8-phi0*/	3, (38,7,1,0), 4, (38,7,1,2), 12, (38,8,1,1), 8, 
/* out0009_had-eta9-phi0*/	4, (38,6,1,2), 2, (38,7,1,0), 3, (38,7,1,1), 15, (38,7,1,2), 4, 
/* out0010_had-eta10-phi0*/	3, (38,6,1,0), 2, (38,6,1,1), 1, (38,6,1,2), 11, 
/* out0011_had-eta11-phi0*/	4, (38,5,1,2), 1, (38,6,1,0), 1, (38,6,1,1), 14, (46,6,1,2), 8, 
/* out0012_had-eta12-phi0*/	4, (38,5,1,2), 10, (46,6,1,0), 3, (46,6,1,1), 6, (46,6,1,2), 5, 
/* out0013_had-eta13-phi0*/	5, (38,5,1,0), 1, (38,5,1,1), 7, (38,5,1,2), 1, (46,5,1,2), 5, (46,6,1,1), 9, 
/* out0014_had-eta14-phi0*/	5, (38,4,1,2), 4, (38,5,1,1), 6, (46,5,1,0), 1, (46,5,1,1), 3, (46,5,1,2), 7, 
/* out0015_had-eta15-phi0*/	3, (38,4,1,1), 1, (38,4,1,2), 6, (46,5,1,1), 8, 
/* out0016_had-eta16-phi0*/	3, (38,4,1,1), 5, (46,4,1,2), 7, (46,5,1,1), 1, 
/* out0017_had-eta17-phi0*/	3, (38,4,1,1), 3, (46,4,1,1), 3, (46,4,1,2), 3, 
/* out0018_had-eta18-phi0*/	1, (46,4,1,1), 5, 
/* out0019_had-eta19-phi0*/	1, (46,4,1,1), 2, 
/* out0020_had-eta0-phi1*/	0, 
/* out0021_had-eta1-phi1*/	1, (35,3,0,0), 2, 
/* out0022_had-eta2-phi1*/	1, (35,3,0,0), 6, 
/* out0023_had-eta3-phi1*/	1, (35,2,0,0), 5, 
/* out0024_had-eta4-phi1*/	1, (35,2,0,0), 3, 
/* out0025_had-eta5-phi1*/	0, 
/* out0026_had-eta6-phi1*/	2, (38,9,2,0), 5, (38,9,2,1), 7, 
/* out0027_had-eta7-phi1*/	3, (38,8,2,2), 12, (38,9,2,1), 8, (38,8,1,0), 5, 
/* out0028_had-eta8-phi1*/	4, (38,7,2,2), 1, (38,8,2,1), 13, (38,8,2,2), 3, (38,7,1,0), 4, 
/* out0029_had-eta9-phi1*/	5, (38,7,2,1), 2, (38,7,2,2), 10, (38,6,1,2), 1, (38,7,1,0), 5, (38,7,1,1), 1, 
/* out0030_had-eta10-phi1*/	4, (38,6,2,2), 1, (38,7,2,1), 6, (38,6,1,0), 8, (38,6,1,2), 2, 
/* out0031_had-eta11-phi1*/	8, (38,6,2,1), 1, (38,6,2,2), 5, (38,5,1,2), 3, (38,6,1,0), 5, (38,6,1,1), 1, (46,7,2,1), 6, (46,6,1,0), 2, (46,6,1,2), 3, 
/* out0032_had-eta12-phi1*/	6, (38,6,2,1), 2, (38,5,1,0), 7, (38,5,1,2), 1, (46,6,2,2), 3, (46,7,2,1), 2, (46,6,1,0), 9, 
/* out0033_had-eta13-phi1*/	8, (38,5,1,0), 7, (38,5,1,1), 1, (46,6,2,1), 3, (46,6,2,2), 3, (46,5,1,0), 2, (46,5,1,2), 2, (46,6,1,0), 2, (46,6,1,1), 1, 
/* out0034_had-eta14-phi1*/	8, (38,5,2,1), 1, (38,5,2,2), 1, (38,4,1,0), 2, (38,4,1,2), 5, (38,5,1,0), 1, (38,5,1,1), 2, (46,5,1,0), 9, (46,5,1,2), 2, 
/* out0035_had-eta15-phi1*/	7, (38,4,1,0), 5, (38,4,1,1), 1, (38,4,1,2), 1, (46,5,2,2), 1, (46,4,1,2), 2, (46,5,1,0), 4, (46,5,1,1), 3, 
/* out0036_had-eta16-phi1*/	5, (38,4,1,0), 3, (38,4,1,1), 2, (46,4,1,0), 3, (46,4,1,2), 3, (46,5,1,1), 1, 
/* out0037_had-eta17-phi1*/	4, (38,4,1,1), 3, (46,4,1,0), 5, (46,4,1,1), 1, (46,4,1,2), 1, 
/* out0038_had-eta18-phi1*/	2, (46,4,1,0), 1, (46,4,1,1), 4, 
/* out0039_had-eta19-phi1*/	1, (46,4,1,1), 1, 
/* out0040_had-eta0-phi2*/	0, 
/* out0041_had-eta1-phi2*/	1, (35,3,1,0), 2, 
/* out0042_had-eta2-phi2*/	1, (35,3,1,0), 6, 
/* out0043_had-eta3-phi2*/	1, (35,2,1,0), 5, 
/* out0044_had-eta4-phi2*/	1, (35,2,1,0), 3, 
/* out0045_had-eta5-phi2*/	0, 
/* out0046_had-eta6-phi2*/	2, (38,9,3,2), 10, (38,9,2,0), 9, 
/* out0047_had-eta7-phi2*/	6, (38,8,3,2), 1, (38,9,3,1), 10, (38,9,3,2), 5, (38,8,2,0), 8, (38,8,2,2), 1, (38,9,2,0), 2, 
/* out0048_had-eta8-phi2*/	6, (38,8,3,1), 2, (38,8,3,2), 6, (38,7,2,0), 1, (38,7,2,2), 1, (38,8,2,0), 8, (38,8,2,1), 3, 
/* out0049_had-eta9-phi2*/	4, (38,8,3,1), 1, (38,7,2,0), 11, (38,7,2,1), 1, (38,7,2,2), 4, 
/* out0050_had-eta10-phi2*/	4, (38,6,2,0), 1, (38,6,2,2), 4, (38,7,2,0), 2, (38,7,2,1), 7, 
/* out0051_had-eta11-phi2*/	5, (38,6,2,0), 3, (38,6,2,1), 2, (38,6,2,2), 6, (46,7,2,0), 13, (46,7,2,1), 5, 
/* out0052_had-eta12-phi2*/	5, (38,5,2,2), 1, (38,6,2,1), 9, (46,6,2,0), 2, (46,6,2,2), 8, (46,7,2,1), 3, 
/* out0053_had-eta13-phi2*/	4, (38,5,2,2), 8, (46,6,2,0), 2, (46,6,2,1), 7, (46,6,2,2), 2, 
/* out0054_had-eta14-phi2*/	4, (38,5,2,1), 5, (38,5,2,2), 1, (46,5,2,2), 5, (46,6,2,1), 4, 
/* out0055_had-eta15-phi2*/	5, (38,4,2,2), 1, (38,5,2,1), 2, (38,4,1,0), 3, (46,5,2,1), 2, (46,5,2,2), 6, 
/* out0056_had-eta16-phi2*/	4, (38,4,2,2), 2, (38,4,1,0), 3, (46,5,2,1), 5, (46,4,1,0), 1, 
/* out0057_had-eta17-phi2*/	6, (38,4,2,1), 1, (38,4,2,2), 1, (38,4,1,1), 1, (46,4,2,2), 1, (46,5,2,1), 1, (46,4,1,0), 4, 
/* out0058_had-eta18-phi2*/	2, (46,4,2,2), 3, (46,4,1,0), 2, 
/* out0059_had-eta19-phi2*/	1, (46,4,2,1), 1, 
/* out0060_had-eta0-phi3*/	0, 
/* out0061_had-eta1-phi3*/	1, (35,3,1,0), 2, 
/* out0062_had-eta2-phi3*/	1, (35,3,1,0), 6, 
/* out0063_had-eta3-phi3*/	1, (35,2,1,0), 5, 
/* out0064_had-eta4-phi3*/	1, (35,2,1,0), 3, 
/* out0065_had-eta5-phi3*/	0, 
/* out0066_had-eta6-phi3*/	3, (38,9,3,0), 6, (38,9,3,2), 1, (38,9,4,2), 1, 
/* out0067_had-eta7-phi3*/	6, (38,8,3,0), 2, (38,8,3,2), 3, (38,9,3,0), 10, (38,9,3,1), 6, (38,9,4,1), 2, (38,9,4,2), 4, 
/* out0068_had-eta8-phi3*/	3, (38,8,3,0), 8, (38,8,3,1), 6, (38,8,3,2), 6, 
/* out0069_had-eta9-phi3*/	3, (38,7,3,2), 9, (38,8,3,1), 7, (38,7,2,0), 2, 
/* out0070_had-eta10-phi3*/	3, (38,7,3,1), 8, (38,7,3,2), 5, (38,6,2,0), 1, 
/* out0071_had-eta11-phi3*/	6, (38,6,3,2), 2, (38,7,3,1), 1, (38,6,2,0), 8, (46,7,2,0), 3, (46,7,3,1), 1, (46,7,3,2), 15, 
/* out0072_had-eta12-phi3*/	8, (38,6,3,1), 1, (38,6,3,2), 2, (38,5,2,0), 1, (38,5,2,2), 2, (38,6,2,0), 3, (38,6,2,1), 2, (46,6,2,0), 5, (46,7,3,1), 8, 
/* out0073_had-eta13-phi3*/	5, (38,5,2,0), 6, (38,5,2,2), 3, (46,6,2,0), 7, (46,6,2,1), 1, (46,6,3,2), 3, 
/* out0074_had-eta14-phi3*/	7, (38,5,2,0), 2, (38,5,2,1), 5, (46,5,2,0), 3, (46,5,2,2), 3, (46,6,2,1), 1, (46,6,3,1), 1, (46,6,3,2), 1, 
/* out0075_had-eta15-phi3*/	5, (38,4,2,2), 3, (38,5,2,1), 3, (46,5,2,0), 5, (46,5,2,1), 1, (46,5,2,2), 1, 
/* out0076_had-eta16-phi3*/	2, (38,4,2,2), 5, (46,5,2,1), 6, 
/* out0077_had-eta17-phi3*/	3, (38,4,2,1), 6, (38,4,2,2), 1, (46,4,2,2), 5, 
/* out0078_had-eta18-phi3*/	2, (46,4,2,1), 2, (46,4,2,2), 3, 
/* out0079_had-eta19-phi3*/	1, (46,4,2,1), 4, 
/* out0080_had-eta0-phi4*/	0, 
/* out0081_had-eta1-phi4*/	1, (35,3,2,0), 2, 
/* out0082_had-eta2-phi4*/	1, (35,3,2,0), 6, 
/* out0083_had-eta3-phi4*/	1, (35,2,2,0), 5, 
/* out0084_had-eta4-phi4*/	1, (35,2,2,0), 3, 
/* out0085_had-eta5-phi4*/	0, 
/* out0086_had-eta6-phi4*/	2, (38,9,4,0), 4, (38,9,4,2), 5, 
/* out0087_had-eta7-phi4*/	3, (38,9,4,0), 7, (38,9,4,1), 12, (38,9,4,2), 6, 
/* out0088_had-eta8-phi4*/	4, (38,8,3,0), 6, (38,8,4,1), 1, (38,8,4,2), 12, (38,9,4,1), 2, 
/* out0089_had-eta9-phi4*/	4, (38,7,3,0), 8, (38,7,3,2), 2, (38,8,4,1), 6, (38,8,4,2), 1, 
/* out0090_had-eta10-phi4*/	2, (38,7,3,0), 8, (38,7,3,1), 6, 
/* out0091_had-eta11-phi4*/	6, (38,6,3,0), 1, (38,6,3,2), 9, (38,7,3,1), 1, (46,7,3,0), 13, (46,7,3,1), 1, (46,7,3,2), 1, 
/* out0092_had-eta12-phi4*/	6, (38,6,3,1), 7, (38,6,3,2), 3, (46,6,3,0), 1, (46,6,3,2), 4, (46,7,3,0), 3, (46,7,3,1), 6, 
/* out0093_had-eta13-phi4*/	6, (38,5,3,2), 1, (38,6,3,1), 3, (38,5,2,0), 4, (46,6,3,0), 1, (46,6,3,1), 2, (46,6,3,2), 8, 
/* out0094_had-eta14-phi4*/	4, (38,5,3,2), 3, (38,5,2,0), 3, (46,5,2,0), 1, (46,6,3,1), 8, 
/* out0095_had-eta15-phi4*/	5, (38,5,3,1), 1, (38,4,2,0), 2, (38,4,2,2), 2, (46,5,3,2), 2, (46,5,2,0), 5, 
/* out0096_had-eta16-phi4*/	7, (38,4,2,0), 4, (38,4,2,2), 1, (46,5,3,1), 1, (46,5,3,2), 2, (46,4,2,2), 1, (46,5,2,0), 2, (46,5,2,1), 1, 
/* out0097_had-eta17-phi4*/	4, (38,4,2,0), 1, (38,4,2,1), 7, (46,4,2,0), 4, (46,4,2,2), 2, 
/* out0098_had-eta18-phi4*/	3, (46,4,2,0), 3, (46,4,2,1), 2, (46,4,2,2), 1, 
/* out0099_had-eta19-phi4*/	1, (46,4,2,1), 5, 
/* out0100_had-eta0-phi5*/	0, 
/* out0101_had-eta1-phi5*/	1, (35,3,2,0), 2, 
/* out0102_had-eta2-phi5*/	1, (35,3,2,0), 6, 
/* out0103_had-eta3-phi5*/	1, (35,2,2,0), 5, 
/* out0104_had-eta4-phi5*/	1, (35,2,2,0), 3, 
/* out0105_had-eta5-phi5*/	0, 
/* out0106_had-eta6-phi5*/	1, (38,9,5,2), 3, 
/* out0107_had-eta7-phi5*/	3, (38,9,4,0), 5, (38,9,5,1), 5, (38,9,5,2), 13, 
/* out0108_had-eta8-phi5*/	4, (38,8,4,0), 14, (38,8,4,1), 1, (38,8,4,2), 3, (38,9,5,1), 2, 
/* out0109_had-eta9-phi5*/	3, (38,8,4,0), 2, (38,8,4,1), 8, (38,7,4,2), 7, 
/* out0110_had-eta10-phi5*/	2, (38,7,4,1), 5, (38,7,4,2), 9, 
/* out0111_had-eta11-phi5*/	3, (38,6,3,0), 9, (38,7,4,1), 3, (46,7,4,2), 12, 
/* out0112_had-eta12-phi5*/	5, (38,6,3,0), 6, (38,6,3,1), 4, (46,7,4,1), 8, (46,7,4,2), 4, (46,6,3,0), 2, 
/* out0113_had-eta13-phi5*/	3, (38,5,3,2), 7, (38,6,3,1), 1, (46,6,3,0), 10, 
/* out0114_had-eta14-phi5*/	5, (38,5,3,1), 2, (38,5,3,2), 5, (46,5,3,2), 2, (46,6,3,0), 2, (46,6,3,1), 5, 
/* out0115_had-eta15-phi5*/	3, (38,5,3,1), 4, (38,4,2,0), 1, (46,5,3,2), 8, 
/* out0116_had-eta16-phi5*/	3, (38,4,2,0), 5, (46,5,3,1), 5, (46,5,3,2), 2, 
/* out0117_had-eta17-phi5*/	4, (38,4,2,0), 3, (38,4,2,1), 1, (46,5,3,1), 2, (46,4,2,0), 3, 
/* out0118_had-eta18-phi5*/	2, (38,4,2,1), 1, (46,4,2,0), 4, 
/* out0119_had-eta19-phi5*/	2, (46,4,2,0), 2, (46,4,2,1), 2, 
/* out0120_had-eta0-phi6*/	0, 
/* out0121_had-eta1-phi6*/	1, (35,3,3,0), 2, 
/* out0122_had-eta2-phi6*/	1, (35,3,3,0), 6, 
/* out0123_had-eta3-phi6*/	1, (35,2,3,0), 5, 
/* out0124_had-eta4-phi6*/	1, (35,2,3,0), 3, 
/* out0125_had-eta5-phi6*/	0, 
/* out0126_had-eta6-phi6*/	1, (38,9,5,0), 3, 
/* out0127_had-eta7-phi6*/	3, (38,9,5,0), 13, (38,9,5,1), 6, (38,9,6,2), 5, 
/* out0128_had-eta8-phi6*/	4, (38,8,5,0), 3, (38,8,5,1), 1, (38,8,5,2), 14, (38,9,5,1), 3, 
/* out0129_had-eta9-phi6*/	3, (38,7,4,0), 7, (38,8,5,1), 8, (38,8,5,2), 2, 
/* out0130_had-eta10-phi6*/	2, (38,7,4,0), 9, (38,7,4,1), 5, 
/* out0131_had-eta11-phi6*/	3, (38,6,4,2), 9, (38,7,4,1), 3, (46,7,4,0), 12, 
/* out0132_had-eta12-phi6*/	5, (38,6,4,1), 4, (38,6,4,2), 6, (46,6,4,2), 2, (46,7,4,0), 4, (46,7,4,1), 8, 
/* out0133_had-eta13-phi6*/	3, (38,5,3,0), 7, (38,6,4,1), 1, (46,6,4,2), 10, 
/* out0134_had-eta14-phi6*/	5, (38,5,3,0), 4, (38,5,3,1), 3, (46,5,3,0), 3, (46,6,4,1), 5, (46,6,4,2), 2, 
/* out0135_had-eta15-phi6*/	3, (38,4,3,2), 1, (38,5,3,1), 5, (46,5,3,0), 7, 
/* out0136_had-eta16-phi6*/	3, (38,4,3,2), 5, (46,5,3,0), 1, (46,5,3,1), 5, 
/* out0137_had-eta17-phi6*/	4, (38,4,3,1), 1, (38,4,3,2), 3, (46,5,3,1), 2, (46,4,3,2), 3, 
/* out0138_had-eta18-phi6*/	2, (38,4,3,1), 1, (46,4,3,2), 4, 
/* out0139_had-eta19-phi6*/	2, (46,4,3,1), 2, (46,4,3,2), 2, 
/* out0140_had-eta0-phi7*/	0, 
/* out0141_had-eta1-phi7*/	1, (35,3,3,0), 2, 
/* out0142_had-eta2-phi7*/	1, (35,3,3,0), 6, 
/* out0143_had-eta3-phi7*/	1, (35,2,3,0), 5, 
/* out0144_had-eta4-phi7*/	1, (35,2,3,0), 3, 
/* out0145_had-eta5-phi7*/	0, 
/* out0146_had-eta6-phi7*/	2, (38,9,6,0), 5, (38,9,6,2), 4, 
/* out0147_had-eta7-phi7*/	3, (38,9,6,0), 6, (38,9,6,1), 12, (38,9,6,2), 7, 
/* out0148_had-eta8-phi7*/	4, (38,8,6,2), 6, (38,8,5,0), 12, (38,8,5,1), 1, (38,9,6,1), 2, 
/* out0149_had-eta9-phi7*/	4, (38,7,5,0), 2, (38,7,5,2), 8, (38,8,5,0), 1, (38,8,5,1), 6, 
/* out0150_had-eta10-phi7*/	2, (38,7,5,1), 6, (38,7,5,2), 8, 
/* out0151_had-eta11-phi7*/	6, (38,6,4,0), 9, (38,6,4,2), 1, (38,7,5,1), 1, (46,7,5,0), 1, (46,7,5,1), 1, (46,7,5,2), 13, 
/* out0152_had-eta12-phi7*/	6, (38,6,4,0), 3, (38,6,4,1), 7, (46,6,4,0), 4, (46,6,4,2), 1, (46,7,5,1), 6, (46,7,5,2), 3, 
/* out0153_had-eta13-phi7*/	6, (38,5,4,2), 4, (38,5,3,0), 2, (38,6,4,1), 3, (46,6,4,0), 8, (46,6,4,1), 2, (46,6,4,2), 1, 
/* out0154_had-eta14-phi7*/	4, (38,5,4,2), 3, (38,5,3,0), 3, (46,6,4,1), 8, (46,5,4,2), 1, 
/* out0155_had-eta15-phi7*/	5, (38,4,3,0), 2, (38,4,3,2), 2, (38,5,3,1), 1, (46,5,3,0), 3, (46,5,4,2), 5, 
/* out0156_had-eta16-phi7*/	7, (38,4,3,0), 1, (38,4,3,2), 4, (46,5,3,0), 2, (46,5,3,1), 1, (46,4,3,0), 1, (46,5,4,1), 1, (46,5,4,2), 2, 
/* out0157_had-eta17-phi7*/	4, (38,4,3,1), 7, (38,4,3,2), 1, (46,4,3,0), 2, (46,4,3,2), 4, 
/* out0158_had-eta18-phi7*/	3, (46,4,3,0), 1, (46,4,3,1), 2, (46,4,3,2), 3, 
/* out0159_had-eta19-phi7*/	1, (46,4,3,1), 5, 
/* out0160_had-eta0-phi8*/	0, 
/* out0161_had-eta1-phi8*/	1, (35,3,4,0), 2, 
/* out0162_had-eta2-phi8*/	1, (35,3,4,0), 6, 
/* out0163_had-eta3-phi8*/	1, (35,2,4,0), 5, 
/* out0164_had-eta4-phi8*/	1, (35,2,4,0), 3, 
/* out0165_had-eta5-phi8*/	0, 
/* out0166_had-eta6-phi8*/	3, (38,9,7,0), 1, (38,9,7,2), 6, (38,9,6,0), 1, 
/* out0167_had-eta7-phi8*/	6, (38,8,6,0), 3, (38,8,6,2), 2, (38,9,7,1), 6, (38,9,7,2), 10, (38,9,6,0), 4, (38,9,6,1), 2, 
/* out0168_had-eta8-phi8*/	3, (38,8,6,0), 6, (38,8,6,1), 6, (38,8,6,2), 8, 
/* out0169_had-eta9-phi8*/	3, (38,7,6,2), 2, (38,7,5,0), 9, (38,8,6,1), 7, 
/* out0170_had-eta10-phi8*/	3, (38,6,5,2), 1, (38,7,5,0), 5, (38,7,5,1), 8, 
/* out0171_had-eta11-phi8*/	6, (38,6,5,2), 8, (38,6,4,0), 2, (38,7,5,1), 1, (46,7,5,0), 15, (46,7,5,1), 1, (46,7,6,1), 3, 
/* out0172_had-eta12-phi8*/	8, (38,5,4,0), 2, (38,5,4,2), 1, (38,6,5,1), 2, (38,6,5,2), 3, (38,6,4,0), 2, (38,6,4,1), 1, (46,7,5,1), 8, (46,6,5,2), 5, 
/* out0173_had-eta13-phi8*/	5, (38,5,4,0), 3, (38,5,4,2), 6, (46,6,4,0), 3, (46,6,5,1), 1, (46,6,5,2), 7, 
/* out0174_had-eta14-phi8*/	7, (38,5,4,1), 5, (38,5,4,2), 2, (46,6,4,0), 1, (46,6,4,1), 1, (46,5,4,0), 3, (46,5,4,2), 3, (46,6,5,1), 1, 
/* out0175_had-eta15-phi8*/	5, (38,4,3,0), 3, (38,5,4,1), 3, (46,5,4,0), 1, (46,5,4,1), 1, (46,5,4,2), 5, 
/* out0176_had-eta16-phi8*/	2, (38,4,3,0), 5, (46,5,4,1), 6, 
/* out0177_had-eta17-phi8*/	3, (38,4,3,0), 1, (38,4,3,1), 6, (46,4,3,0), 5, 
/* out0178_had-eta18-phi8*/	2, (46,4,3,0), 3, (46,4,3,1), 2, 
/* out0179_had-eta19-phi8*/	1, (46,4,3,1), 4, 
/* out0180_had-eta0-phi9*/	0, 
/* out0181_had-eta1-phi9*/	1, (35,3,4,0), 2, 
/* out0182_had-eta2-phi9*/	1, (35,3,4,0), 6, 
/* out0183_had-eta3-phi9*/	1, (35,2,4,0), 5, 
/* out0184_had-eta4-phi9*/	1, (35,2,4,0), 3, 
/* out0185_had-eta5-phi9*/	0, 
/* out0186_had-eta6-phi9*/	2, (38,9,8,1), 9, (38,9,7,0), 10, 
/* out0187_had-eta7-phi9*/	6, (38,8,7,0), 1, (38,8,7,2), 8, (38,9,8,1), 2, (38,8,6,0), 1, (38,9,7,0), 5, (38,9,7,1), 10, 
/* out0188_had-eta8-phi9*/	6, (38,7,6,0), 1, (38,7,6,2), 1, (38,8,7,1), 3, (38,8,7,2), 8, (38,8,6,0), 6, (38,8,6,1), 2, 
/* out0189_had-eta9-phi9*/	4, (38,7,6,0), 4, (38,7,6,1), 1, (38,7,6,2), 11, (38,8,6,1), 1, 
/* out0190_had-eta10-phi9*/	4, (38,6,5,0), 4, (38,6,5,2), 1, (38,7,6,1), 7, (38,7,6,2), 2, 
/* out0191_had-eta11-phi9*/	5, (38,6,5,0), 6, (38,6,5,1), 2, (38,6,5,2), 3, (46,7,6,0), 5, (46,7,6,1), 13, 
/* out0192_had-eta12-phi9*/	5, (38,5,4,0), 1, (38,6,5,1), 9, (46,6,5,0), 8, (46,6,5,2), 2, (46,7,6,0), 3, 
/* out0193_had-eta13-phi9*/	4, (38,5,4,0), 8, (46,6,5,0), 2, (46,6,5,1), 7, (46,6,5,2), 2, 
/* out0194_had-eta14-phi9*/	4, (38,5,4,0), 1, (38,5,4,1), 5, (46,5,4,0), 5, (46,6,5,1), 4, 
/* out0195_had-eta15-phi9*/	5, (38,4,4,2), 3, (38,4,3,0), 1, (38,5,4,1), 2, (46,5,4,0), 6, (46,5,4,1), 2, 
/* out0196_had-eta16-phi9*/	4, (38,4,4,2), 3, (38,4,3,0), 2, (46,4,4,2), 1, (46,5,4,1), 5, 
/* out0197_had-eta17-phi9*/	5, (38,4,3,0), 1, (38,4,3,1), 1, (46,4,4,2), 4, (46,4,3,0), 1, (46,5,4,1), 1, 
/* out0198_had-eta18-phi9*/	2, (46,4,4,2), 2, (46,4,3,0), 3, 
/* out0199_had-eta19-phi9*/	1, (46,4,3,1), 1, 
/* out0200_had-eta0-phi10*/	0, 
/* out0201_had-eta1-phi10*/	1, (35,3,5,0), 2, 
/* out0202_had-eta2-phi10*/	1, (35,3,5,0), 6, 
/* out0203_had-eta3-phi10*/	1, (35,2,5,0), 5, 
/* out0204_had-eta4-phi10*/	1, (35,2,5,0), 3, 
/* out0205_had-eta5-phi10*/	0, 
/* out0206_had-eta6-phi10*/	2, (38,9,8,0), 7, (38,9,8,1), 5, 
/* out0207_had-eta7-phi10*/	3, (38,8,8,2), 5, (38,8,7,0), 12, (38,9,8,0), 8, 
/* out0208_had-eta8-phi10*/	4, (38,7,7,2), 4, (38,7,6,0), 1, (38,8,7,0), 3, (38,8,7,1), 13, 
/* out0209_had-eta9-phi10*/	3, (38,7,7,2), 5, (38,7,6,0), 10, (38,7,6,1), 2, 
/* out0210_had-eta10-phi10*/	3, (38,6,6,2), 8, (38,6,5,0), 1, (38,7,6,1), 6, 
/* out0211_had-eta11-phi10*/	6, (38,6,6,1), 1, (38,6,6,2), 5, (38,6,5,0), 5, (38,6,5,1), 1, (46,6,6,2), 2, (46,7,6,0), 6, 
/* out0212_had-eta12-phi10*/	6, (38,5,5,0), 1, (38,5,5,2), 7, (38,6,5,1), 2, (46,6,6,2), 9, (46,6,5,0), 3, (46,7,6,0), 2, 
/* out0213_had-eta13-phi10*/	8, (38,5,5,1), 1, (38,5,5,2), 7, (46,5,5,0), 1, (46,5,5,2), 2, (46,6,6,1), 1, (46,6,6,2), 2, (46,6,5,0), 3, (46,6,5,1), 3, 
/* out0214_had-eta14-phi10*/	7, (38,4,4,0), 2, (38,4,4,2), 2, (38,5,5,1), 2, (38,5,5,2), 1, (38,5,4,0), 1, (38,5,4,1), 1, (46,5,5,2), 9, 
/* out0215_had-eta15-phi10*/	5, (38,4,4,0), 1, (38,4,4,2), 5, (46,5,5,1), 2, (46,5,5,2), 4, (46,5,4,0), 1, 
/* out0216_had-eta16-phi10*/	4, (38,4,4,1), 2, (38,4,4,2), 3, (46,4,4,0), 3, (46,4,4,2), 3, 
/* out0217_had-eta17-phi10*/	2, (38,4,4,1), 2, (46,4,4,2), 5, 
/* out0218_had-eta18-phi10*/	2, (46,4,4,1), 3, (46,4,4,2), 1, 
/* out0219_had-eta19-phi10*/	1, (46,4,4,1), 1, 
/* out0220_had-eta0-phi11*/	0, 
/* out0221_had-eta1-phi11*/	1, (35,3,5,0), 2, 
/* out0222_had-eta2-phi11*/	1, (35,3,5,0), 6, 
/* out0223_had-eta3-phi11*/	1, (35,2,5,0), 5, 
/* out0224_had-eta4-phi11*/	1, (35,2,5,0), 3, 
/* out0225_had-eta5-phi11*/	0, 
/* out0226_had-eta6-phi11*/	3, (38,8,8,0), 5, (38,8,8,2), 1, (38,9,8,0), 1, 
/* out0227_had-eta7-phi11*/	3, (38,8,8,0), 7, (38,8,8,1), 8, (38,8,8,2), 10, 
/* out0228_had-eta8-phi11*/	3, (38,7,7,0), 12, (38,7,7,2), 4, (38,8,8,1), 4, 
/* out0229_had-eta9-phi11*/	4, (38,6,6,0), 1, (38,7,7,0), 1, (38,7,7,1), 12, (38,7,7,2), 3, 
/* out0230_had-eta10-phi11*/	3, (38,6,6,0), 11, (38,6,6,1), 1, (38,6,6,2), 2, 
/* out0231_had-eta11-phi11*/	3, (38,6,6,1), 10, (38,6,6,2), 1, (46,6,6,0), 7, 
/* out0232_had-eta12-phi11*/	4, (38,5,5,0), 10, (46,6,6,0), 5, (46,6,6,1), 5, (46,6,6,2), 3, 
/* out0233_had-eta13-phi11*/	5, (38,5,5,0), 1, (38,5,5,1), 7, (38,5,5,2), 1, (46,5,5,0), 5, (46,6,6,1), 6, 
/* out0234_had-eta14-phi11*/	5, (38,4,4,0), 4, (38,5,5,1), 3, (46,5,5,0), 6, (46,5,5,1), 2, (46,5,5,2), 1, 
/* out0235_had-eta15-phi11*/	2, (38,4,4,0), 6, (46,5,5,1), 8, 
/* out0236_had-eta16-phi11*/	2, (38,4,4,1), 5, (46,4,4,0), 6, 
/* out0237_had-eta17-phi11*/	3, (38,4,4,1), 3, (46,4,4,0), 3, (46,4,4,1), 2, 
/* out0238_had-eta18-phi11*/	1, (46,4,4,1), 5, 
/* out0239_had-eta19-phi11*/	1, (46,4,4,1), 1, 
/* out0240_had-eta0-phi12*/	0, 
/* out0241_had-eta1-phi12*/	1, (35,3,6,0), 2, 
/* out0242_had-eta2-phi12*/	1, (35,3,6,0), 6, 
/* out0243_had-eta3-phi12*/	1, (35,2,6,0), 5, 
/* out0244_had-eta4-phi12*/	1, (35,2,6,0), 3, 
/* out0245_had-eta5-phi12*/	0, 
/* out0246_had-eta6-phi12*/	2, (38,8,9,0), 2, (38,8,9,1), 9, 
/* out0247_had-eta7-phi12*/	6, (38,7,8,0), 5, (38,7,8,2), 4, (38,8,9,0), 5, (38,8,9,1), 7, (38,8,8,0), 4, (38,8,8,1), 4, 
/* out0248_had-eta8-phi12*/	3, (38,7,8,1), 4, (38,7,8,2), 12, (38,7,7,0), 3, 
/* out0249_had-eta9-phi12*/	3, (38,6,7,0), 3, (38,6,7,2), 9, (38,7,7,1), 4, 
/* out0250_had-eta10-phi12*/	5, (38,5,6,0), 1, (38,6,7,1), 2, (38,6,7,2), 7, (38,6,6,0), 4, (38,6,6,1), 1, 
/* out0251_had-eta11-phi12*/	5, (38,5,6,0), 1, (38,5,6,2), 8, (38,6,6,1), 3, (46,6,7,1), 12, (46,6,6,0), 1, 
/* out0252_had-eta12-phi12*/	8, (38,5,6,2), 6, (38,5,5,0), 3, (46,5,6,0), 1, (46,5,6,2), 2, (46,6,7,0), 2, (46,6,7,1), 3, (46,6,6,0), 3, (46,6,6,1), 3, 
/* out0253_had-eta13-phi12*/	7, (38,4,5,0), 1, (38,4,5,2), 3, (38,5,5,0), 1, (38,5,5,1), 3, (46,5,6,2), 9, (46,5,5,0), 1, (46,6,6,1), 1, 
/* out0254_had-eta14-phi12*/	5, (38,4,5,2), 6, (46,5,6,1), 1, (46,5,6,2), 3, (46,5,5,0), 3, (46,5,5,1), 2, 
/* out0255_had-eta15-phi12*/	4, (38,4,5,2), 2, (38,4,4,0), 3, (46,4,5,2), 5, (46,5,5,1), 2, 
/* out0256_had-eta16-phi12*/	4, (38,3,4,1), 3, (38,4,4,1), 3, (46,4,5,2), 5, (46,4,4,0), 2, 
/* out0257_had-eta17-phi12*/	6, (38,3,4,1), 4, (38,4,4,1), 1, (46,3,4,1), 1, (46,4,5,2), 1, (46,4,4,0), 2, (46,4,4,1), 2, 
/* out0258_had-eta18-phi12*/	2, (46,3,4,1), 5, (46,4,4,1), 2, 
/* out0259_had-eta19-phi12*/	1, (46,3,4,1), 2, 
/* out0260_had-eta0-phi13*/	0, 
/* out0261_had-eta1-phi13*/	1, (35,3,6,0), 2, 
/* out0262_had-eta2-phi13*/	1, (35,3,6,0), 6, 
/* out0263_had-eta3-phi13*/	1, (35,2,6,0), 5, 
/* out0264_had-eta4-phi13*/	1, (35,2,6,0), 3, 
/* out0265_had-eta5-phi13*/	0, 
/* out0266_had-eta6-phi13*/	3, (38,7,9,0), 2, (38,7,9,2), 2, (38,8,9,0), 5, 
/* out0267_had-eta7-phi13*/	3, (38,7,9,2), 12, (38,7,8,0), 8, (38,8,9,0), 4, 
/* out0268_had-eta8-phi13*/	3, (38,6,8,2), 5, (38,7,8,0), 3, (38,7,8,1), 12, 
/* out0269_had-eta9-phi13*/	3, (38,6,8,2), 2, (38,6,7,0), 12, (38,6,7,1), 2, 
/* out0270_had-eta10-phi13*/	3, (38,5,7,2), 1, (38,5,6,0), 2, (38,6,7,1), 11, 
/* out0271_had-eta11-phi13*/	5, (38,5,6,0), 9, (38,5,6,1), 1, (38,5,6,2), 1, (46,6,7,0), 9, (46,6,7,1), 1, 
/* out0272_had-eta12-phi13*/	5, (38,5,6,1), 9, (38,5,6,2), 1, (46,5,7,2), 1, (46,5,6,0), 8, (46,6,7,0), 4, 
/* out0273_had-eta13-phi13*/	6, (38,4,5,0), 7, (38,4,5,2), 1, (38,5,6,1), 1, (46,5,6,0), 4, (46,5,6,1), 5, (46,5,6,2), 2, 
/* out0274_had-eta14-phi13*/	5, (38,4,5,0), 1, (38,4,5,1), 2, (38,4,5,2), 3, (46,4,5,0), 3, (46,5,6,1), 6, 
/* out0275_had-eta15-phi13*/	5, (38,3,4,0), 1, (38,4,5,1), 4, (38,4,5,2), 1, (46,4,5,0), 5, (46,4,5,2), 2, 
/* out0276_had-eta16-phi13*/	4, (38,3,4,0), 3, (38,3,4,1), 4, (46,4,5,1), 4, (46,4,5,2), 3, 
/* out0277_had-eta17-phi13*/	4, (38,3,4,1), 5, (46,3,4,0), 3, (46,3,4,1), 1, (46,4,5,1), 2, 
/* out0278_had-eta18-phi13*/	2, (46,3,4,0), 1, (46,3,4,1), 6, 
/* out0279_had-eta19-phi13*/	1, (46,3,4,1), 1, 
/* out0280_had-eta0-phi14*/	0, 
/* out0281_had-eta1-phi14*/	1, (35,3,7,0), 2, 
/* out0282_had-eta2-phi14*/	1, (35,3,7,0), 6, 
/* out0283_had-eta3-phi14*/	1, (35,2,7,0), 5, 
/* out0284_had-eta4-phi14*/	1, (35,2,7,0), 3, 
/* out0285_had-eta5-phi14*/	0, 
/* out0286_had-eta6-phi14*/	1, (38,7,9,0), 9, 
/* out0287_had-eta7-phi14*/	5, (38,6,9,2), 3, (38,6,8,0), 1, (38,7,9,0), 5, (38,7,9,1), 16, (38,7,9,2), 2, 
/* out0288_had-eta8-phi14*/	3, (38,6,8,0), 13, (38,6,8,1), 3, (38,6,8,2), 5, 
/* out0289_had-eta9-phi14*/	6, (38,5,7,0), 4, (38,5,7,2), 1, (38,6,8,1), 8, (38,6,8,2), 4, (38,6,7,0), 1, (38,6,7,1), 1, 
/* out0290_had-eta10-phi14*/	3, (38,5,7,0), 3, (38,5,7,1), 1, (38,5,7,2), 11, 
/* out0291_had-eta11-phi14*/	9, (38,4,6,0), 1, (38,4,6,2), 1, (38,5,7,1), 2, (38,5,7,2), 3, (38,5,6,0), 3, (38,5,6,1), 2, (46,5,7,0), 7, (46,5,7,2), 5, (46,6,7,0), 1, 
/* out0292_had-eta12-phi14*/	5, (38,4,6,2), 6, (38,5,6,1), 3, (46,5,7,1), 2, (46,5,7,2), 10, (46,5,6,0), 1, 
/* out0293_had-eta13-phi14*/	7, (38,4,6,2), 3, (38,4,5,0), 6, (46,4,6,0), 1, (46,4,6,2), 3, (46,5,7,1), 1, (46,5,6,0), 2, (46,5,6,1), 3, 
/* out0294_had-eta14-phi14*/	5, (38,4,5,0), 1, (38,4,5,1), 5, (46,4,6,2), 6, (46,4,5,0), 2, (46,5,6,1), 1, 
/* out0295_had-eta15-phi14*/	6, (38,3,5,2), 1, (38,3,4,0), 1, (38,4,5,1), 4, (46,4,6,2), 1, (46,4,5,0), 6, (46,4,5,1), 2, 
/* out0296_had-eta16-phi14*/	2, (38,3,4,0), 5, (46,4,5,1), 6, 
/* out0297_had-eta17-phi14*/	3, (38,3,4,0), 2, (46,3,4,0), 4, (46,4,5,1), 1, 
/* out0298_had-eta18-phi14*/	1, (46,3,4,0), 4, 
/* out0299_had-eta19-phi14*/	0, 
/* out0300_had-eta0-phi15*/	0, 
/* out0301_had-eta1-phi15*/	1, (35,3,7,0), 2, 
/* out0302_had-eta2-phi15*/	1, (35,3,7,0), 6, 
/* out0303_had-eta3-phi15*/	1, (35,2,7,0), 5, 
/* out0304_had-eta4-phi15*/	1, (35,2,7,0), 3, 
/* out0305_had-eta5-phi15*/	0, 
/* out0306_had-eta6-phi15*/	2, (38,6,9,0), 1, (38,6,10,1), 3, 
/* out0307_had-eta7-phi15*/	3, (38,6,9,0), 12, (38,6,9,1), 4, (38,6,9,2), 9, 
/* out0308_had-eta8-phi15*/	6, (38,5,8,0), 4, (38,5,8,2), 3, (38,6,9,1), 5, (38,6,9,2), 4, (38,6,8,0), 2, (38,6,8,1), 3, 
/* out0309_had-eta9-phi15*/	3, (38,5,8,2), 11, (38,5,7,0), 4, (38,6,8,1), 2, 
/* out0310_had-eta10-phi15*/	2, (38,5,7,0), 5, (38,5,7,1), 8, 
/* out0311_had-eta11-phi15*/	5, (38,4,7,2), 1, (38,4,6,0), 6, (38,5,7,1), 5, (46,5,7,0), 9, (46,5,7,1), 1, 
/* out0312_had-eta12-phi15*/	5, (38,4,6,0), 5, (38,4,6,1), 2, (38,4,6,2), 3, (46,4,7,2), 1, (46,5,7,1), 11, 
/* out0313_had-eta13-phi15*/	6, (38,3,5,0), 1, (38,4,6,1), 5, (38,4,6,2), 3, (46,4,6,0), 10, (46,4,6,2), 1, (46,5,7,1), 1, 
/* out0314_had-eta14-phi15*/	6, (38,3,5,0), 2, (38,3,5,2), 4, (38,4,5,1), 1, (46,4,6,0), 1, (46,4,6,1), 4, (46,4,6,2), 4, 
/* out0315_had-eta15-phi15*/	6, (38,3,5,2), 6, (46,3,5,0), 2, (46,3,5,2), 1, (46,4,6,1), 3, (46,4,6,2), 1, (46,4,5,1), 1, 
/* out0316_had-eta16-phi15*/	3, (38,3,5,2), 2, (38,3,4,0), 3, (46,3,5,2), 6, 
/* out0317_had-eta17-phi15*/	3, (38,3,4,0), 1, (46,3,5,2), 5, (46,3,4,0), 1, 
/* out0318_had-eta18-phi15*/	1, (46,3,4,0), 3, 
/* out0319_had-eta19-phi15*/	0, 
/* out0320_had-eta0-phi16*/	0, 
/* out0321_had-eta1-phi16*/	1, (35,3,8,0), 2, 
/* out0322_had-eta2-phi16*/	1, (35,3,8,0), 6, 
/* out0323_had-eta3-phi16*/	1, (35,2,8,0), 5, 
/* out0324_had-eta4-phi16*/	1, (35,2,8,0), 3, 
/* out0325_had-eta5-phi16*/	0, 
/* out0326_had-eta6-phi16*/	2, (38,6,10,0), 7, (38,6,10,1), 10, 
/* out0327_had-eta7-phi16*/	6, (38,5,9,0), 4, (38,5,9,2), 6, (38,6,9,0), 3, (38,6,9,1), 5, (38,6,10,0), 4, (38,6,10,1), 3, 
/* out0328_had-eta8-phi16*/	4, (38,5,8,0), 11, (38,5,8,1), 1, (38,5,9,2), 7, (38,6,9,1), 2, 
/* out0329_had-eta9-phi16*/	4, (38,4,7,0), 1, (38,5,8,0), 1, (38,5,8,1), 13, (38,5,8,2), 2, 
/* out0330_had-eta10-phi16*/	3, (38,4,7,0), 7, (38,4,7,2), 6, (38,5,8,1), 1, 
/* out0331_had-eta11-phi16*/	5, (38,4,7,1), 2, (38,4,7,2), 9, (38,4,6,0), 2, (46,4,7,0), 6, (46,4,7,2), 1, 
/* out0332_had-eta12-phi16*/	6, (38,3,6,2), 1, (38,4,6,0), 2, (38,4,6,1), 5, (46,4,7,0), 2, (46,4,7,1), 1, (46,4,7,2), 10, 
/* out0333_had-eta13-phi16*/	7, (38,3,6,2), 1, (38,3,5,0), 3, (38,4,6,1), 4, (46,4,6,0), 4, (46,4,6,1), 1, (46,4,7,1), 1, (46,4,7,2), 4, 
/* out0334_had-eta14-phi16*/	3, (38,3,5,0), 7, (46,3,6,2), 2, (46,4,6,1), 7, 
/* out0335_had-eta15-phi16*/	5, (38,3,5,1), 3, (38,3,5,2), 2, (46,3,6,2), 1, (46,3,5,0), 6, (46,4,6,1), 1, 
/* out0336_had-eta16-phi16*/	5, (38,3,5,1), 3, (38,3,5,2), 1, (46,3,5,0), 4, (46,3,5,1), 1, (46,3,5,2), 1, 
/* out0337_had-eta17-phi16*/	2, (46,3,5,1), 4, (46,3,5,2), 2, 
/* out0338_had-eta18-phi16*/	2, (46,3,5,1), 1, (46,3,5,2), 1, 
/* out0339_had-eta19-phi16*/	0, 
/* out0340_had-eta0-phi17*/	0, 
/* out0341_had-eta1-phi17*/	1, (35,3,8,0), 2, 
/* out0342_had-eta2-phi17*/	1, (35,3,8,0), 6, 
/* out0343_had-eta3-phi17*/	1, (35,2,8,0), 5, 
/* out0344_had-eta4-phi17*/	1, (35,2,8,0), 3, 
/* out0345_had-eta5-phi17*/	0, 
/* out0346_had-eta6-phi17*/	2, (38,6,10,0), 4, (38,5,10,1), 9, 
/* out0347_had-eta7-phi17*/	5, (38,5,9,0), 12, (38,5,9,1), 6, (38,5,9,2), 1, (38,6,10,0), 1, (38,5,10,1), 7, 
/* out0348_had-eta8-phi17*/	4, (38,5,9,1), 10, (38,5,9,2), 2, (38,4,8,0), 6, (38,4,8,2), 1, 
/* out0349_had-eta9-phi17*/	4, (38,4,7,0), 1, (38,5,8,1), 1, (38,4,8,0), 1, (38,4,8,2), 13, 
/* out0350_had-eta10-phi17*/	3, (38,4,7,0), 7, (38,4,7,1), 5, (38,4,8,2), 2, 
/* out0351_had-eta11-phi17*/	3, (38,3,6,0), 2, (38,4,7,1), 9, (46,4,7,0), 5, 
/* out0352_had-eta12-phi17*/	4, (38,3,6,0), 6, (38,3,6,2), 5, (46,4,7,0), 3, (46,4,7,1), 10, 
/* out0353_had-eta13-phi17*/	3, (38,3,6,2), 8, (46,3,6,0), 6, (46,4,7,1), 4, 
/* out0354_had-eta14-phi17*/	5, (38,3,6,2), 1, (38,3,5,0), 3, (38,3,5,1), 2, (46,3,6,0), 1, (46,3,6,2), 8, 
/* out0355_had-eta15-phi17*/	3, (38,3,5,1), 6, (46,3,6,2), 5, (46,3,5,0), 3, 
/* out0356_had-eta16-phi17*/	3, (38,3,5,1), 2, (46,3,5,0), 1, (46,3,5,1), 5, 
/* out0357_had-eta17-phi17*/	1, (46,3,5,1), 5, 
/* out0358_had-eta18-phi17*/	0, 
/* out0359_had-eta19-phi17*/	0, 
/* out0360_had-eta0-phi18*/	0, 
/* out0361_had-eta1-phi18*/	1, (35,3,9,0), 2, 
/* out0362_had-eta2-phi18*/	1, (35,3,9,0), 6, 
/* out0363_had-eta3-phi18*/	1, (35,2,9,0), 5, 
/* out0364_had-eta4-phi18*/	1, (35,2,9,0), 3, 
/* out0365_had-eta5-phi18*/	0, 
/* out0366_had-eta6-phi18*/	2, (38,4,10,1), 4, (38,5,10,0), 9, 
/* out0367_had-eta7-phi18*/	5, (38,4,9,0), 12, (38,4,9,1), 1, (38,4,9,2), 6, (38,4,10,1), 1, (38,5,10,0), 7, 
/* out0368_had-eta8-phi18*/	4, (38,4,8,0), 7, (38,4,8,1), 1, (38,4,9,1), 2, (38,4,9,2), 10, 
/* out0369_had-eta9-phi18*/	4, (38,3,7,0), 1, (38,3,8,2), 1, (38,4,8,0), 2, (38,4,8,1), 13, 
/* out0370_had-eta10-phi18*/	3, (38,3,7,0), 7, (38,3,7,2), 5, (38,4,8,1), 2, 
/* out0371_had-eta11-phi18*/	3, (38,3,6,0), 2, (38,3,7,2), 9, (46,3,7,0), 5, 
/* out0372_had-eta12-phi18*/	4, (38,3,6,0), 6, (38,3,6,1), 4, (46,3,7,0), 3, (46,3,7,2), 10, 
/* out0373_had-eta13-phi18*/	3, (38,3,6,1), 7, (46,3,6,0), 7, (46,3,7,2), 4, 
/* out0374_had-eta14-phi18*/	5, (38,2,5,0), 3, (38,2,5,2), 2, (38,3,6,1), 1, (46,3,6,0), 2, (46,3,6,1), 7, 
/* out0375_had-eta15-phi18*/	3, (38,2,5,2), 6, (46,2,5,0), 3, (46,3,6,1), 5, 
/* out0376_had-eta16-phi18*/	3, (38,2,5,2), 2, (46,2,5,0), 1, (46,2,5,2), 5, 
/* out0377_had-eta17-phi18*/	1, (46,2,5,2), 5, 
/* out0378_had-eta18-phi18*/	0, 
/* out0379_had-eta19-phi18*/	0, 
/* out0380_had-eta0-phi19*/	0, 
/* out0381_had-eta1-phi19*/	1, (35,3,9,0), 2, 
/* out0382_had-eta2-phi19*/	1, (35,3,9,0), 6, 
/* out0383_had-eta3-phi19*/	1, (35,2,9,0), 5, 
/* out0384_had-eta4-phi19*/	1, (35,2,9,0), 3, 
/* out0385_had-eta5-phi19*/	0, 
/* out0386_had-eta6-phi19*/	2, (38,4,10,0), 10, (38,4,10,1), 7, 
/* out0387_had-eta7-phi19*/	6, (38,3,9,0), 3, (38,3,9,2), 5, (38,4,9,0), 4, (38,4,9,1), 6, (38,4,10,0), 3, (38,4,10,1), 4, 
/* out0388_had-eta8-phi19*/	4, (38,3,8,0), 11, (38,3,8,2), 1, (38,3,9,2), 2, (38,4,9,1), 7, 
/* out0389_had-eta9-phi19*/	4, (38,3,7,0), 1, (38,3,8,0), 1, (38,3,8,1), 2, (38,3,8,2), 13, 
/* out0390_had-eta10-phi19*/	3, (38,3,7,0), 7, (38,3,7,1), 6, (38,3,8,2), 1, 
/* out0391_had-eta11-phi19*/	5, (38,2,6,0), 2, (38,3,7,1), 9, (38,3,7,2), 2, (46,3,7,0), 6, (46,3,7,1), 1, 
/* out0392_had-eta12-phi19*/	6, (38,2,6,0), 2, (38,2,6,2), 5, (38,3,6,1), 2, (46,3,7,0), 2, (46,3,7,1), 10, (46,3,7,2), 1, 
/* out0393_had-eta13-phi19*/	8, (38,2,5,0), 3, (38,2,6,2), 4, (38,3,6,1), 2, (46,2,6,0), 4, (46,2,6,2), 1, (46,3,6,1), 1, (46,3,7,1), 4, (46,3,7,2), 1, 
/* out0394_had-eta14-phi19*/	3, (38,2,5,0), 7, (46,2,6,2), 7, (46,3,6,1), 2, 
/* out0395_had-eta15-phi19*/	5, (38,2,5,1), 2, (38,2,5,2), 3, (46,2,5,0), 6, (46,2,6,2), 1, (46,3,6,1), 1, 
/* out0396_had-eta16-phi19*/	5, (38,2,5,1), 1, (38,2,5,2), 3, (46,2,5,0), 4, (46,2,5,1), 1, (46,2,5,2), 1, 
/* out0397_had-eta17-phi19*/	2, (46,2,5,1), 2, (46,2,5,2), 4, 
/* out0398_had-eta18-phi19*/	2, (46,2,5,1), 1, (46,2,5,2), 1, 
/* out0399_had-eta19-phi19*/	0, 
/* out0400_had-eta0-phi20*/	0, 
/* out0401_had-eta1-phi20*/	1, (35,3,10,0), 2, 
/* out0402_had-eta2-phi20*/	1, (35,3,10,0), 6, 
/* out0403_had-eta3-phi20*/	1, (35,2,10,0), 5, 
/* out0404_had-eta4-phi20*/	1, (35,2,10,0), 3, 
/* out0405_had-eta5-phi20*/	0, 
/* out0406_had-eta6-phi20*/	2, (38,3,9,0), 1, (38,4,10,0), 3, 
/* out0407_had-eta7-phi20*/	3, (38,3,9,0), 12, (38,3,9,1), 9, (38,3,9,2), 4, 
/* out0408_had-eta8-phi20*/	6, (38,2,8,0), 2, (38,2,8,2), 3, (38,3,8,0), 4, (38,3,8,1), 3, (38,3,9,1), 4, (38,3,9,2), 5, 
/* out0409_had-eta9-phi20*/	3, (38,2,7,0), 4, (38,2,8,2), 2, (38,3,8,1), 11, 
/* out0410_had-eta10-phi20*/	2, (38,2,7,0), 5, (38,2,7,2), 8, 
/* out0411_had-eta11-phi20*/	5, (38,2,6,0), 6, (38,2,7,2), 5, (38,3,7,1), 1, (46,2,7,0), 9, (46,2,7,2), 1, 
/* out0412_had-eta12-phi20*/	5, (38,2,6,0), 5, (38,2,6,1), 3, (38,2,6,2), 2, (46,2,7,2), 11, (46,3,7,1), 1, 
/* out0413_had-eta13-phi20*/	6, (38,2,5,0), 1, (38,2,6,1), 3, (38,2,6,2), 5, (46,2,6,0), 10, (46,2,6,1), 1, (46,2,7,2), 1, 
/* out0414_had-eta14-phi20*/	6, (38,1,5,2), 1, (38,2,5,0), 2, (38,2,5,1), 4, (46,2,6,0), 1, (46,2,6,1), 4, (46,2,6,2), 4, 
/* out0415_had-eta15-phi20*/	6, (38,2,5,1), 6, (46,1,5,2), 1, (46,2,5,0), 2, (46,2,5,1), 1, (46,2,6,1), 1, (46,2,6,2), 3, 
/* out0416_had-eta16-phi20*/	3, (38,1,4,0), 3, (38,2,5,1), 2, (46,2,5,1), 6, 
/* out0417_had-eta17-phi20*/	3, (38,1,4,0), 1, (46,1,4,0), 1, (46,2,5,1), 5, 
/* out0418_had-eta18-phi20*/	1, (46,1,4,0), 3, 
/* out0419_had-eta19-phi20*/	0, 
/* out0420_had-eta0-phi21*/	0, 
/* out0421_had-eta1-phi21*/	1, (35,3,10,0), 2, 
/* out0422_had-eta2-phi21*/	1, (35,3,10,0), 6, 
/* out0423_had-eta3-phi21*/	1, (35,2,10,0), 5, 
/* out0424_had-eta4-phi21*/	1, (35,2,10,0), 3, 
/* out0425_had-eta5-phi21*/	0, 
/* out0426_had-eta6-phi21*/	1, (38,2,9,0), 9, 
/* out0427_had-eta7-phi21*/	5, (38,2,8,0), 1, (38,2,9,0), 5, (38,2,9,1), 2, (38,2,9,2), 16, (38,3,9,1), 3, 
/* out0428_had-eta8-phi21*/	3, (38,2,8,0), 13, (38,2,8,1), 5, (38,2,8,2), 3, 
/* out0429_had-eta9-phi21*/	6, (38,1,7,0), 1, (38,1,7,2), 1, (38,2,7,0), 4, (38,2,7,1), 1, (38,2,8,1), 4, (38,2,8,2), 8, 
/* out0430_had-eta10-phi21*/	3, (38,2,7,0), 3, (38,2,7,1), 11, (38,2,7,2), 1, 
/* out0431_had-eta11-phi21*/	9, (38,1,6,0), 3, (38,1,6,2), 2, (38,2,6,0), 1, (38,2,6,1), 1, (38,2,7,1), 3, (38,2,7,2), 2, (46,1,7,1), 1, (46,2,7,0), 7, (46,2,7,1), 5, 
/* out0432_had-eta12-phi21*/	5, (38,1,6,2), 3, (38,2,6,1), 6, (46,1,6,0), 1, (46,2,7,1), 10, (46,2,7,2), 2, 
/* out0433_had-eta13-phi21*/	7, (38,1,5,0), 6, (38,2,6,1), 3, (46,1,6,0), 2, (46,1,6,2), 3, (46,2,6,0), 1, (46,2,6,1), 3, (46,2,7,2), 1, 
/* out0434_had-eta14-phi21*/	5, (38,1,5,0), 1, (38,1,5,2), 5, (46,1,5,0), 2, (46,1,6,2), 1, (46,2,6,1), 6, 
/* out0435_had-eta15-phi21*/	6, (38,1,4,0), 1, (38,1,5,2), 4, (38,2,5,1), 1, (46,1,5,0), 6, (46,1,5,2), 2, (46,2,6,1), 1, 
/* out0436_had-eta16-phi21*/	2, (38,1,4,0), 5, (46,1,5,2), 6, 
/* out0437_had-eta17-phi21*/	3, (38,1,4,0), 2, (46,1,4,0), 4, (46,1,5,2), 1, 
/* out0438_had-eta18-phi21*/	1, (46,1,4,0), 4, 
/* out0439_had-eta19-phi21*/	0, 
/* out0440_had-eta0-phi22*/	0, 
/* out0441_had-eta1-phi22*/	1, (35,3,11,0), 2, 
/* out0442_had-eta2-phi22*/	1, (35,3,11,0), 6, 
/* out0443_had-eta3-phi22*/	1, (35,2,11,0), 5, 
/* out0444_had-eta4-phi22*/	1, (35,2,11,0), 3, 
/* out0445_had-eta5-phi22*/	0, 
/* out0446_had-eta6-phi22*/	3, (38,1,9,1), 5, (38,2,9,0), 2, (38,2,9,1), 2, 
/* out0447_had-eta7-phi22*/	3, (38,1,8,0), 8, (38,1,9,1), 4, (38,2,9,1), 12, 
/* out0448_had-eta8-phi22*/	3, (38,1,8,0), 3, (38,1,8,2), 12, (38,2,8,1), 5, 
/* out0449_had-eta9-phi22*/	3, (38,1,7,0), 12, (38,1,7,2), 2, (38,2,8,1), 2, 
/* out0450_had-eta10-phi22*/	3, (38,1,6,0), 2, (38,1,7,2), 11, (38,2,7,1), 1, 
/* out0451_had-eta11-phi22*/	5, (38,1,6,0), 9, (38,1,6,1), 1, (38,1,6,2), 1, (46,1,7,0), 1, (46,1,7,1), 9, 
/* out0452_had-eta12-phi22*/	5, (38,1,6,1), 1, (38,1,6,2), 9, (46,1,6,0), 8, (46,1,7,1), 4, (46,2,7,1), 1, 
/* out0453_had-eta13-phi22*/	6, (38,1,5,0), 7, (38,1,5,1), 1, (38,1,6,2), 1, (46,1,6,0), 4, (46,1,6,1), 2, (46,1,6,2), 5, 
/* out0454_had-eta14-phi22*/	5, (38,1,5,0), 1, (38,1,5,1), 3, (38,1,5,2), 2, (46,1,5,0), 3, (46,1,6,2), 6, 
/* out0455_had-eta15-phi22*/	5, (38,1,4,0), 1, (38,1,5,1), 1, (38,1,5,2), 4, (46,1,5,0), 5, (46,1,5,1), 2, 
/* out0456_had-eta16-phi22*/	4, (38,1,4,0), 3, (38,1,4,1), 4, (46,1,5,1), 3, (46,1,5,2), 4, 
/* out0457_had-eta17-phi22*/	4, (38,1,4,1), 5, (46,1,4,0), 3, (46,1,4,1), 1, (46,1,5,2), 2, 
/* out0458_had-eta18-phi22*/	2, (46,1,4,0), 1, (46,1,4,1), 6, 
/* out0459_had-eta19-phi22*/	1, (46,1,4,1), 1, 
/* out0460_had-eta0-phi23*/	0, 
/* out0461_had-eta1-phi23*/	1, (35,3,11,0), 2, 
/* out0462_had-eta2-phi23*/	1, (35,3,11,0), 6, 
/* out0463_had-eta3-phi23*/	1, (35,2,11,0), 5, 
/* out0464_had-eta4-phi23*/	1, (35,2,11,0), 3, 
/* out0465_had-eta5-phi23*/	0, 
/* out0466_had-eta6-phi23*/	2, (38,1,9,0), 9, (38,1,9,1), 2, 
/* out0467_had-eta7-phi23*/	4, (38,1,8,0), 5, (38,1,8,1), 4, (38,1,9,0), 7, (38,1,9,1), 5, 
/* out0468_had-eta8-phi23*/	2, (38,1,8,1), 12, (38,1,8,2), 4, 
/* out0469_had-eta9-phi23*/	2, (38,1,7,0), 3, (38,1,7,1), 9, 
/* out0470_had-eta10-phi23*/	3, (38,1,6,0), 1, (38,1,7,1), 7, (38,1,7,2), 2, 
/* out0471_had-eta11-phi23*/	3, (38,1,6,0), 1, (38,1,6,1), 8, (46,1,7,0), 12, 
/* out0472_had-eta12-phi23*/	5, (38,1,6,1), 6, (46,1,6,0), 1, (46,1,6,1), 2, (46,1,7,0), 3, (46,1,7,1), 2, 
/* out0473_had-eta13-phi23*/	3, (38,1,5,0), 1, (38,1,5,1), 3, (46,1,6,1), 9, 
/* out0474_had-eta14-phi23*/	3, (38,1,5,1), 6, (46,1,6,1), 3, (46,1,6,2), 1, 
/* out0475_had-eta15-phi23*/	2, (38,1,5,1), 2, (46,1,5,1), 5, 
/* out0476_had-eta16-phi23*/	2, (38,1,4,1), 3, (46,1,5,1), 5, 
/* out0477_had-eta17-phi23*/	3, (38,1,4,1), 4, (46,1,4,1), 1, (46,1,5,1), 1, 
/* out0478_had-eta18-phi23*/	1, (46,1,4,1), 5, 
/* out0479_had-eta19-phi23*/	1, (46,1,4,1), 2, 
